58.1627035170673
59.7730271344119
39.1801951478025
40.3003202996237
60.9901616721421
38.0902448941078
22.4579362364399
61.2879781861204
58.3814205059801
63.9043592854979
61.7431372750051
60.4381150525396
43.2927935950928
45.4353148536355
30.0323431729868
49.1188051395968
48.4085479536646
35.7892640682720
54.8339818725630
58.3754337299277
58.0174945482340
47.2513160809588
63.4662147514710
61.6703130160629
43.9351399645487
37.9772658675238
53.1001599764475
47.9622903331957
52.0641670118589
60.6462206248195
44.5419904281661
54.1138485047959
63.4163138164891
60.6819651415911
53.8690288543688
53.0565979198594
51.9222264419487
48.3526321453135
52.8654866870598
56.8247817918863
53.8180129428437
49.7285523147232
41.8457313759766
46.8343859566684
61.9338978871135
53.6353006270761
51.6149544730602
52.4708391432499
60.6707584533221
59.8735030458129
63.9495964697735
62.3351315942670
45.7108555380456
50.3020609989188
53.2850910063814
52.9430111868822
41.1752085934909
48.7046754463406
49.6828887525366
55.0269585968096
45.7731594495832
59.1591640169572
56.3941227903631
41.6923877012490
55.7584400913827
50.6999374092200
35.3635191619001
49.2008258144891
56.2953658207708
55.9265127207194
43.1396852467053
43.1951187942808
42.4172778831479
58.1381486620322
47.0300478367058
33.0903785168186
44.7572297471893
35.0312375148485
58.0392435837043
35.8393305139758
47.6363913543327
39.5567674540587
46.1545276429564
51.2568530764861
49.4380612790001
62.7818788488983
33.2876726864293
48.8661979020082
52.9919554852519
30.4396544747354
48.1788607430595
56.8437535083684
46.1160382326178
33.3161770467833
51.6673489643934
58.6230204791572
45.8906962283017
38.8389024745276
43.7902192111748
51.3201913879034
51.4619648929707
22.8602012775731
48.8727125677996
50.8670930147051
53.7183865713279
58.6156661356893
30.2142588228328
64.8398740282394
37.5954922496488
48.8750780125290
55.7208676602418
57.1558277349417
55.2286793973418
48.7929396401250
56.8319699204406
54.7573199098378
48.0154256096605
50.3149577345521
46.7810029054594
46.8889270217158
61.8478249645618
39.9058693224934
42.3638021441197
64.1628094482749
54.0623831356026
43.0663914601623
62.9957997931735
49.7450156006645
57.0989897680909
41.6242843869750
68.9528377016016
47.1741835694475
51.8021356977056
54.2892141348537
61.3777357440859
34.2229777969039
41.4803582501296
49.3509778419969
53.8875851186649
60.3904213632774
52.6605204695739
52.7883909689072
37.8325293841762
60.2252578906430
59.1142591138007
67.1928465935588
58.5870023027587
61.7098188345232
54.3800379777543
43.5632417849460
54.3248657172288
47.4249293342609
33.2505614226862
43.9035186368747
60.2616854252677
43.0636631818192
19.1602997194323
54.9231670759261
54.1572788131864
43.6457639477524
51.8711798115115
8.92469605588897
29.8453296896065
52.8083459122527
55.9324675584848
45.4449181078815
47.7811534204073
58.5136922146540
61.4294468948842
45.6518308013729
54.9252874557590
39.4573963846420
49.7049430696405
46.6210697639515
42.4422963632945
60.3649782888387
58.4669453783866
52.0362080845667
38.2206060302010
54.1510544227231
68.1670349405392
56.5437209944141
53.9112419155521
50.0746103642662
54.1130864082806
58.2458959049774
47.4270943267373
56.0058993815910
59.7316018839907
51.7654142966196
48.5308449077433
60.4374869081838
52.0136847441478
38.1140785591523
54.1887070012718
48.2905553180327
58.4233348608246
53.3280242028523
45.4035800963932
28.5024802367971
60.4980539183286
39.1181949952436
43.3410513750378
72.4671455557490
70.0299342192582
74.7162301149806
58.6970279781796
49.1194886015779
65.6691677238464
57.6476464177926
52.7177844268158
60.7355217670236
49.3012073681976
60.6957852874045
30.9945518425361
40.4229631850749
49.5865021020931
45.0391147406109
41.5182239176556
47.3919445059294
51.8591160890231
51.6392775391660
36.7587784447780
59.4618969080402
63.1170746777597
65.0398568696749
59.3776005638555
57.9305071708487
48.9722206671270
60.1435859624224
57.6817798701247
63.5089549099243
51.8013977111362
55.2539133056662
49.8855840946084
43.6244359970333
42.2405960842264
48.3781236890049
51.4170692639127
54.9121954912939
57.1602866372047
52.0426893432323
54.8519077936253
52.6601078601768
56.9160473136936
58.3670460175195
63.3940945544780
58.5190661651917
68.6320295685877
70.1647770863379
53.2747923117205
61.8802093692600
58.4563036287211
46.3350234333349
58.0932988793224
46.3376004219195
42.2659170959145
53.8568782963071
40.9412988982610
50.9287298459635
44.9449646088413
45.6858833719138
58.2496677253204
62.6230026248085
47.5067987750480
51.5775279399210
39.0617361856322
62.7377857109490
55.3995943565177
27.0078230785949
44.7574311068633
47.9303881731499
50.6113208623486
53.1925530741371
51.7318783238740
60.4466895585668
61.0766627635226
47.4909790962771
28.9235630585168
58.5770303038075
63.6177077180885
51.0204133331567
59.5956072294838
42.8491009264125
65.8827014054470
55.8965809978634
49.5200653618250
58.9151349853842
63.4464925087465
48.5007216613554
56.1818181601996
52.6578740523742
61.6315135061986
61.4642278682720
55.8454532190935
62.3894516448009
59.9889208749506
66.0305383181346
57.3063333692560
55.2432076266768












































































































































































































































































































































































































































































































































































































































































































































































































































































































































































































































































































































































































































































































































































































