20.1942219458933
55.7626093363644
25.9700635347702
35.0423905818367
55.2451093010956
23.0627294067723
22.4579362364399
59.6036445168414
53.2244677727265
63.9043592854979
61.5204760171766
59.2493686184925
37.0479108722746
41.1913049077108
21.3673208428198
43.0564304140508
37.9791971438313
27.2194599448630
54.7541512370523
53.4630426901612
51.8870053451729
42.4580768486987
60.4470439755328
54.4540156617489
9.86752701440437
36.2655092572819
41.0989087446370
13.1033023963427
48.2696040142241
58.9979320797772
34.9014453811013
54.1138485047959
61.8455114408475
55.3182247517941
42.6160908072291
39.6312490010093
49.8687126362813
48.3526321453135
28.7638418103354
52.6255118739951
49.5792299223173
40.2305484636986
24.9751576571600
46.5250030743685
59.9575057853477
38.0687562181903
48.0650996045987
31.6392572605616
58.4935276563997
48.4331673546135
60.5306894507241
61.6079542241909
44.6559223326537
49.8294471171415
51.8335991418693
41.4045341924046
29.1684178521907
47.2865961313563
36.0598334118448
52.2118087762721
24.3372574461462
56.0985181416586
56.1208431840613
29.4982999510141
55.2806273633902
46.0280835109393
26.0460860783343
33.7266785702358
54.4076407289454
55.3677862243019
42.6345259150375
30.5780607625794
29.7760512388732
56.6153318457112
34.7994295841182
31.0343068232561
36.3464587778507
10.1591374481301
56.5108504774968
35.8393305139758
39.5466094549204
38.1800325260469
45.6925037615581
39.0702828246738
36.4858581602516
61.8005026466614
14.6268622745960
47.0436414406878
50.7657314109627
24.1487577320242
38.7723662379535
29.7047942258485
44.1774716343070
17.8185245093414
36.9900697983932
50.8315032995287
41.0147575110472
11.6959864911003
40.5680243541635
22.7648629183222
32.0947561712190
10.4626335116929
34.4596822388135
39.3161671580534
52.5693785333249
48.0613047823298
17.4251829258691
43.5491766591517
26.8338094889637
47.8860964340381
50.6672408958688
56.4903191474433
47.5335681387375
35.6003378592114
48.6340288006248
50.4187269344437
30.4942781518107
43.9407317382176
46.6312824581310
44.9253436269552
58.7775887850123
37.1409694231317
26.6546135102350
59.3233461632096
52.9858120385071
38.7981537407387
60.5142751067052
36.5124129577874
56.8720672183630
18.4241743369954
63.1544028661502
44.6854226789901
49.4539441873952
54.2892141348537
59.8482481228983
32.9594918043346
35.3896679837491
40.8499082947563
53.7354687334167
58.8500518266552
42.8870842220592
30.5120205820591
28.4177796458485
42.2079134249728
47.6545057018746
66.4107193282078
48.3429994279420
46.9391970679090
41.0589965499645
28.9308928602281
32.1886132924362
40.8632551490945
30.2825598932785
33.4998044770414
59.7436059481682
35.7760786000925
12.7409026367836
49.8570005114628
51.7158089949292
36.5980911439381
43.3673985313853
8.92469605588897
28.8420127591678
42.2573147240806
52.9082178653751
24.3225060386466
42.0910702606859
57.2835307920173
54.9736207984339
44.8548648420659
53.6210371187466
34.9782532967271
28.8509445252664
41.6862896848592
39.9901470076068
47.0765280514611
52.5446654922267
46.5875627179615
24.7134133619781
53.1636439278761
67.9468998216990
52.0727645067938
40.9836071787245
49.8346488468616
43.6480092064919
55.7665374575112
27.7713665490195
42.9615863301159
57.6008297656379
44.8350222824747
15.4300576048828
44.0387121029896
38.1509742429994
23.7043730142773
49.6710086468958
47.0960752080256
50.6863568139396
53.3280242028523
19.4197863016049
15.0385068304669
54.4706754106281
27.6989477361506
30.9294322561860
70.3189149047395
69.9360651122152
74.2930548570995
51.1559015498701
37.2007822498399
64.9858614753240
49.5236827122136
52.5459497933951
16.1567137747749
28.9583873860407
57.5294306219869
19.1869252356911
34.6317556586437
16.6233600694926
43.5485902836131
21.7674724230904
35.4964086308742
49.1491098502303
39.2383855427310
24.5588069742811
54.3273032801187
59.3073345690902
64.8137515014368
45.4524659142934
38.0170629545471
38.2265920450673
45.6385941905532
45.2691804653011
61.2076089990452
48.4974772539768
23.6297651279059
34.5796732199713
35.3232529645841
36.5745075154813
42.2361782762124
51.4170692639127
9.84103145000564
24.2288170922561
25.5858064498659
49.3478781243936
49.7204073966616
41.2875543922136
37.7019085641563
53.6904861003325
20.6646195222656
55.8659449038500
66.2347909136882
42.3309969171528
59.3500237716043
56.5850800449200
19.2140385575235
37.8427919160307
40.3980447260755
35.6959525069720
41.3695609522267
28.2857932538580
50.4514192069956
44.9449646088413
33.1045027148876
52.0385774180079
61.1179179430222
39.5048731171232
46.6205319079480
24.5995792520929
59.9422038274370
51.3494544798677
21.3625100908110
30.1230398480963
33.5351791864901
41.7700047881252
40.9067169018732
31.6164750358101
29.8955725098216
50.5369860368622
45.4803713636993
28.9235630585168
56.9741761650838
37.9354704688106
48.7983857078285
41.2246312946520
23.7107041584597
63.1507860392885
32.2700123954113
39.9714747500014
54.5487505969660
61.3980109399319
45.4560183034106
21.8394574108424
18.0916500076693
52.1717404348369
37.4168408566250
44.2813478982969
54.1813979672913
20.6610561610485
64.4060999392138
40.3163912075473
45.5324259114315












































































































































































































































































































































































































































































































































































































































































































































































































































































































































































































































































































































































































































































































































































































