         300
   77.6537000000000        76.8463000000000        80.9713000000000     
           5
      -27.313700         4.860000        30.060000     1.00 0
      -21.274732        -8.683282        14.592169    20.00 1      21       4
      -15.082078       -10.138633        16.794689    27.50 1     207       4
      -12.061960        -0.498787        31.890228    43.00 1     106       3
      -11.003700         5.670000        41.940000    51.00 0
           5
      -27.993700         8.680000        33.820000     1.00 0
      -45.001954        30.832189        47.158393    25.00 1     281       3
      -48.371246        34.499120        57.029160    32.67 1     248       4
      -51.448936        37.870303        65.476250    43.00 1     294       3
      -51.183700        40.730000        73.120000    51.00 0
           6
      -27.093700        -2.346300        33.300000     1.00 0
      -38.109973       -12.272542        21.470204    19.88 1     200       3
      -39.423133       -14.650994        19.426162    22.75 1      21       2
      -38.394185       -16.356591        18.668403    28.50 1      27       2
      -29.848762       -21.516040        17.622997    43.67 1     204       1
      -25.363700       -22.176300        16.620000    51.00 0
           4
      -27.343700        -0.556300        37.800000     1.00 0
      -35.031162         5.558017        53.035471    26.22 1     131       2
      -31.634723        10.714983        61.871761    41.00 1     113       4
      -24.933700        10.180000        71.070000    51.00 0
           3
       -8.573700         8.270000       -35.101300     1.00 0
        1.740663        22.601962        -7.890476    29.17 1     185       4
       25.050000        38.440000        -3.301300    51.00 0
           4
      -10.983700        14.020000       -32.681300     1.00 0
      -28.934741        12.178088       -35.561886    28.00 1      50       6
      -23.047625         5.734980       -40.146918    40.15 1     220       3
      -21.363700        -3.466300       -43.561300    51.00 0
           2
      -14.673700        11.040000       -31.811300     1.00 0
      -21.913700        12.870000       -10.631300    51.00 0
           5
       31.420000       -33.126300         3.410000     1.00 0
       40.618389       -41.081559         8.527518    13.00 1      85       2
       47.306135       -51.586513        17.702334    24.42 1     223       1
       47.390508       -51.744433        17.835196    26.21 1     223       1
       54.380000       -79.632600        32.780000    51.00 0
           5
       26.710000       -31.086300         2.580000     1.00 0
       21.895890       -22.683940         0.025627    10.00 1     142       2
       17.200775       -14.343409        -0.367033    20.00 1     176       4
       22.663602         1.941760         4.128638    35.17 1      25       2
       28.700000        21.970000         6.310000    51.00 0
           2
      -28.253700       -12.496300        37.590000     1.00 0
      -46.913700       -50.216300        85.681300    51.00 0
           5
      -26.983700       -11.446300        32.610000     1.00 0
      -24.376915       -10.666001        29.310188     4.50 1      95       3
       -9.845715        -7.477960        12.242342    24.83 1     121       2
       10.203355        -6.961941        -6.642284    47.50 1     142       4
       15.480000        -6.606300       -11.641300    51.00 0
           4
       31.330000        20.670000        14.910000     1.00 0
       32.121117        15.682351        31.539525    16.50 1      40       4
       29.615443        11.131187        41.327015    25.50 1     128       3
       19.720000        -5.506300        66.780000    51.00 0
           4
       34.770000        24.550000        15.040000     1.00 0
       46.937850        45.536545        14.976213    31.50 1     111       3
       50.224497        49.307365        24.201993    46.00 1      62       2
       52.780000        52.250000        31.800000    51.00 0
           4
       22.140000       -11.206300       -20.211300     1.00 0
       33.098164       -20.085433       -35.807288    21.67 1     196       3
       40.925543       -19.520222       -45.927059    39.00 1     247       2
       51.420000       -24.466300       -45.971300    51.00 0
           4
       23.900000        -9.166300       -16.571300     1.00 0
       26.841082        -9.861885       -24.195683    15.48 1     230       1
       19.168458       -12.876087       -27.012542    26.44 1     201       3
        6.360000       -10.586300       -28.691300    51.00 0
           5
      -30.253700       -18.846300        37.790000     1.00 0
      -42.325405        -7.778394        38.886968    17.00 1     265       1
      -46.569068        -5.479522        42.530190    22.50 1      46       4
      -55.099377        -5.645682        52.335704    39.73 1     230       2
      -68.743700        -6.286300        52.440000    51.00 0
           7
      -26.523700       -18.986300       -39.641300     1.00 0
      -20.642398       -21.253844       -37.662319     8.50 1     226       2
      -10.473900       -18.074054       -35.464157    21.11 1     106       1
       -7.931309       -14.138068       -33.897176    26.04 1     187       2
       -2.780490        -9.445570       -34.854343    35.00 1     240       1
        3.051736       -13.201844       -40.884105    43.00 1      75       2
       11.210000       -17.716300       -43.761300    51.00 0
           5
       -1.813700        -9.326300       -26.561300     1.00 0
        3.029075       -18.056634       -24.579943    18.50 1      68       5
        8.032120       -19.395338       -28.208020    27.50 1     152       3
       14.334217       -21.763043       -36.421647    41.00 1      72       2
       13.580000       -22.056300       -45.051300    51.00 0
           4
       -1.633700        -4.556300       -26.811300     1.00 0
      -24.884106        19.293770       -17.453887    29.66 1      99       4
      -27.543243        22.179932       -16.634182    33.41 1      52       2
      -39.383700        32.080000       -11.621300    51.00 0
           7
       21.680000       -13.466300        37.160000     1.00 0
       21.148996        -6.337582        46.101291    11.67 1     201       2
       20.884468        -3.340495        49.770242    15.33 1     230       3
       19.031174         2.500010        52.963291    21.00 1     152       4
       29.296370        17.820853        56.515569    37.50 1     234       1
       34.120601        24.463357        61.341065    45.50 1      61       2
       35.410000        29.230000        66.260000    51.00 0
           6
       20.470000       -14.296300        32.070000     1.00 0
       35.867424       -14.800998        20.873764    16.67 1      27       3
       50.173412       -13.860168        12.168128    32.00 1     144       2
       56.379729        -8.684556        14.593711    40.50 1       1       2
       60.362092        -3.436458        12.112959    46.00 1     101       3
       64.470000         1.050000         9.250000    51.00 0
           4
       33.330000        27.720000        -2.991300     1.00 0
       56.314974        20.412840         3.216565    24.50 1     228       2
       58.588328        10.867968        11.093297    42.00 1     297       3
       66.600000         5.290000        10.890000    51.00 0
           3
       28.520000        27.550000        -4.631300     1.00 0
        9.822822        31.359083         8.742336    21.00 1     141       2
      -25.863700        49.770000         9.600000    51.00 0
           5
       -1.173700        -0.046300        13.960000     1.00 0
       11.157658         0.883912        17.394020    12.00 1      81       3
       22.394739         1.406939        20.236036    22.00 1     177       3
       31.060811        -7.212775        15.548399    32.67 1     213       1
       47.750000       -23.496300         9.290000    51.00 0
           4
       -2.143700         2.600000         9.710000     1.00 0
       15.434842         4.089692         1.640977    24.28 1      35       3
       22.668878         1.940484         4.129286    33.08 1       9       4
        6.730000        -1.136300         7.550000    51.00 0
           4
      -28.283700       -17.706300        16.910000     1.00 0
      -26.823711       -15.069710        18.456430     8.00 1     233       1
      -18.173528        -9.402837        15.688397    27.00 1       1       2
        2.240000        -1.176300         6.410000    51.00 0
           6
      -32.203700       -19.706300        14.030000     1.00 0
      -38.392615       -16.357380        18.667324     9.12 1       3       4
      -41.781751       -14.801252        20.872613    14.37 1      21       2
      -56.922003        -8.152072        29.507158    27.50 1      49       2
      -64.098550        -5.072878        33.234496    37.00 1     151       3
      -70.653700        -7.776300        22.300000    51.00 0
           5
       -2.553700        -5.746300         8.770000     1.00 0
       -4.188886        -3.998699        14.533577     6.50 1     183       2
        1.207659        10.390403        29.167172    29.67 1     148       4
        3.443878        11.414745        28.136669    34.33 1      33       2
        3.250000        -4.686300        20.470000    51.00 0
           5
        1.460000        -6.596300         5.350000     1.00 0
       13.831523        -6.141837        -1.159243    13.00 1     176       2
       31.311336        -4.085660       -13.483294    28.67 1     118       1
       35.009053        -2.350959       -17.828846    40.00 1      47       2
       36.730000        -6.156300       -27.601300    51.00 0
           4
       -1.743700       -10.846300        16.600000     1.00 0
      -14.165944       -14.739188         4.361472    17.00 1     214       2
      -25.896829       -17.287765        -8.883643    32.33 1     114       2
      -39.443700       -10.906300       -28.781300    51.00 0
           4
       -0.103700        -6.836300        19.550000     1.00 0
       -1.472019         2.571985        20.807405    11.50 1     106       3
       -8.519568        24.738173        20.233983    38.67 1     137       2
      -19.853700        21.920000        20.610000    51.00 0
           2
       30.030000       -12.066300       -33.091300     1.00 0
       53.130000       -53.716300       -58.781300    51.00 0
           4
       28.120000        -7.766300       -35.161300     1.00 0
        7.256131         7.678277       -50.553562    23.69 1     263       4
        3.442620        11.413889       -52.835151    29.50 1      28       3
       -9.303700        34.480000       -60.451300    51.00 0
           4
      -25.313700        15.530000        15.100000     1.00 0
      -29.634928         2.508993        11.945804    13.50 1      39       4
      -23.075680       -17.791956         9.521805    31.17 1     271       2
      -10.773700       -37.726300        18.630000    51.00 0
           4
      -21.453700        19.060000        16.110000     1.00 0
        5.768609        24.176652        14.347888    26.67 1      78       4
       15.419357         4.091609         1.647096    49.81 1      25       1
       15.480000         3.690000         1.420000    51.00 0
           5
       -5.193700        35.570000        10.480000     1.00 0
        0.402492        30.280464        -2.156117    15.50 1     250       2
        8.134081        23.321568       -12.479210    31.17 1     253       3
        9.240214        22.005765       -12.550973    34.08 1     205       3
       12.870000         2.830000        -2.651300    51.00 0
           4
       -3.963700        34.520000        15.460000     1.00 0
      -12.997682        33.644766        35.550316    23.95 1     150       2
      -16.793785        30.818700        45.097838    35.00 1     222       3
      -18.603700        37.470000        63.040000    51.00 0
           2
        8.150000        -4.286300         5.970000     1.00 0
      -19.673700       -38.956300       -13.051300    51.00 0
           5
       12.540000        -5.566300         3.850000     1.00 0
       22.387649        -6.998813         5.696399    10.50 1     181       3
       34.306761        -7.551621         7.743810    21.00 1     217       1
       48.020976         2.507448        11.945102    39.00 1      34       2
       36.120000         4.000000        17.260000    51.00 0
           5
      -26.003700        30.480000       -16.641300     1.00 0
      -29.133050        29.766321       -18.712949     4.50 1     188       2
      -37.276759        27.820140       -25.955791    15.50 1     104       3
      -45.534545        15.682616       -49.430422    40.00 1      12       2
      -43.233700         6.940000       -60.441300    51.00 0
           6
      -24.533700        30.110000       -11.701300     1.00 0
      -35.272539        15.949266        -3.461492    20.00 1     172       3
      -44.104339        10.617208        -3.469483    30.00 1     124       2
      -48.870918         7.614679        -5.371410    34.67 1     221       1
      -54.472153         4.035635        -7.657333    42.33 1     245       4
      -61.963700        -2.396300       -12.361300    51.00 0
           6
       38.580000        -1.926300        18.610000     1.00 0
       34.438358        -2.908357        18.747882     4.50 1     200       2
       18.220838        -6.729677        15.698043    20.37 1     212       2
       18.132864        -6.745726        15.652781    24.19 1     212       2
       15.838136        -2.557942         4.483838    37.67 1     210       1
       11.540000        -1.286300       -11.171300    51.00 0
           4
      -36.703700         2.690000        18.660000     1.00 0
      -18.920070        10.762954        11.098747    26.00 1      22       3
      -11.714640        15.921155        21.427717    41.59 1      51       4
      -15.423700        12.840000        26.900000    51.00 0
           3
        5.940000        -7.866300        -9.961300     1.00 0
      -14.181375        14.157345        17.891333    45.00 1      43       2
      -16.693700        15.740000        23.130000    51.00 0
           5
        6.870000       -11.346300       -13.351300     1.00 0
        5.934491       -28.499033       -19.325968    15.31 1     157       2
        9.462709       -43.868183       -31.072146    32.00 1     252       3
       13.812707       -54.742417       -33.312165    43.00 1      84       3
       18.120000       -65.886300       -35.571300    51.00 0
           5
      -25.203700         9.090000        24.080000     1.00 0
      -35.422013        -1.574968        27.083393    13.00 1      86       1
      -42.964328        -9.418346        37.970020    31.50 1     131       5
      -46.565976        -5.481604        42.528159    39.00 1      16       2
      -56.193700         6.990000        46.090000    51.00 0
           3
      -21.813700        10.770000        27.590000     1.00 0
      -42.644147        -2.352822        63.141794    44.00 1      29       4
      -48.163700         2.650000        66.960000    51.00 0
           4
       17.240000         6.330000        40.340000     1.00 0
       23.247365        22.865644        63.162684    29.50 1     248       2
       32.672781        20.146760        64.065274    39.33 1      61       2
       30.730000         7.380000        68.940000    51.00 0
           4
       20.320000         3.890000        36.720000     1.00 0
       20.729877        -8.151825        29.506409    12.50 1      27       4
       32.640823       -40.237184        19.703927    44.00 1     286       3
       38.900000       -49.246300        20.820000    51.00 0
           8
       25.530000         8.370000       -15.371300     1.00 0
       30.677018         8.924096       -17.602957     7.00 1     277       2
       36.844121         9.044483       -21.203607    11.00 1     234       2
       37.440501         8.869200       -21.571802    13.00 1     118       3
       43.534156         6.477508       -25.826080    20.50 1     131       1
       46.396054         9.010806       -30.628295    25.50 1     251       3
       48.720769        12.177469       -35.562467    31.00 1       6       2
       42.710000        25.100000       -57.451300    51.00 0
           5
       20.610000         8.920000       -13.721300     1.00 0
        6.417893        10.182017        -6.334649    14.00 1     275       6
       -1.570105        11.100365        -1.592666    22.00 1     182       4
      -11.714355        15.919481        21.427479    41.50 1      43       2
      -17.483700        21.450000        31.620000    51.00 0
           5
      -34.323700        18.840000        14.620000     1.00 0
      -30.001803        17.606637         2.934344    12.50 1     191       2
      -27.544578        22.181407       -16.634592    29.50 1      19       3
      -23.952062        23.476977       -29.862341    40.00 1      60       2
      -18.953700        23.580000       -44.851300    51.00 0
           4
      -38.353700        20.910000        15.780000     1.00 0
      -39.435342        19.720663        12.153222     6.00 1     146       3
      -43.299063        11.061853        -3.680119    21.67 1     174       1
      -46.183700        -6.776300       -18.371300    51.00 0
           4
      -25.473700        27.870000        35.500000     1.00 0
      -32.258656        37.817002        39.410021    12.50 1     233       5
      -41.289763        63.021430        55.514982    46.50 1      89       1
      -43.743700        68.150000        58.450000    51.00 0
           5
      -29.183700        25.360000        33.880000     1.00 0
      -35.947833        35.804812        33.018857    14.00 1     295       3
      -61.256716        49.688558        26.002320    40.67 1      72       2
      -65.066894        53.123408        25.280932    44.56 1      71       2
      -68.263700        57.860000        23.720000    51.00 0
           5
       36.440000       -10.416300       -11.031300     1.00 0
       31.940123        -0.461569        -4.409959    11.50 1      82       2
       22.167796         2.090099         3.958862    24.21 1      25       2
       21.787847         1.771972         4.317956    27.52 1      25       3
        9.780000       -15.606300        20.220000    51.00 0
           4
       32.850000       -12.446300       -13.681300     1.00 0
       32.509290       -15.619847       -19.163289    10.33 1     231       1
       37.503253       -38.590414       -24.774477    42.33 1     104       4
       42.550000       -39.896300       -15.471300    51.00 0
           3
       15.650000       -19.146300        15.510000     1.00 0
       42.320759       -29.845587       -13.267776    40.00 1      83       1
       44.720000       -36.096300       -17.711300    51.00 0
           5
       11.370000       -19.856300        17.730000     1.00 0
       -5.648946       -20.371645        14.103556    19.50 1     115       2
      -16.858724       -16.936717        21.400705    34.30 1     300       2
      -20.571858       -14.268702        30.369532    44.50 1      95       3
      -17.913700       -15.286300        38.270000    51.00 0
           5
      -34.833700        32.900000       -23.881300     1.00 0
      -23.952732        23.478829       -29.861215    16.50 1      52       3
      -20.742873        13.518104       -31.656692    27.50 1      74       4
      -17.855181        -7.251175       -35.440578    46.00 1     171       2
      -17.623700       -14.466300       -37.531300    51.00 0
           6
      -38.363700        30.920000       -20.371300     1.00 0
      -43.533757        24.465433       -19.630066     9.50 1      20       6
      -44.981705        20.144387       -16.906486    16.00 1      48       3
      -27.562859        29.384910       -11.694169    37.25 1     102       1
      -24.900902        29.629331       -11.418710    40.50 1      41       1
      -16.063700        27.560000       -11.221300    51.00 0
           4
      -25.373700       -14.536300        36.260000     1.00 0
      -27.430295       -27.538198        24.204903    16.50 1      13       3
      -19.650936       -42.865635         4.675129    39.00 1     120       3
      -13.483700       -45.326300        -9.101300    51.00 0
           3
      -21.503700       -11.496300        38.220000     1.00 0
       -5.631322        33.021267        39.484760    44.33 1      64       1
       -0.533700        40.510000        40.490000    51.00 0
           4
      -13.023700        29.670000       -18.641300     1.00 0
       -5.629376        33.022108       -41.488175    27.50 1      63       2
       -5.551368        38.369920       -47.192228    38.00 1     282       1
       -2.263700        45.220000       -41.281300    51.00 0
           4
      -17.273700        32.300000       -20.081300     1.00 0
       -6.721893        39.399668       -39.889064    21.00 1     147       4
       -0.564996        39.866074       -56.004199    36.50 1     235       3
        5.750000        43.430000       -69.091300    51.00 0
           6
        9.660000       -32.296300       -38.531300     1.00 0
       13.441782       -28.937097       -31.149346    11.83 1     147       1
       17.416678       -29.387525       -13.627650    27.00 1     284       1
       13.296050       -32.186689        -1.967750    39.33 1     142       1
       10.707822       -33.843092         4.771317    46.33 1     123       2
        8.230000       -34.536300         7.420000    51.00 0
           5
        7.760000       -33.536300        38.360000     1.00 0
        5.254936       -31.458933        36.326769     5.00 1     262       3
        0.823016       -22.698424        41.058254    32.50 1      75       1
        8.936725       -17.585588        52.826402    46.33 1     152       3
       11.960000       -15.846300        57.010000    51.00 0
           6
       -2.393700       -34.906300         6.140000     1.00 0
       -3.822893       -34.463655         4.312667     5.00 1      97       1
       -5.828944       -32.428314        -5.459052    15.00 1     285       3
       -7.747494       -30.302747       -15.390001    25.50 1     155       2
        3.028683       -18.056024       -24.581812    45.33 1      18       1
        8.780000       -16.546300       -19.851300    51.00 0
           3
        1.480000       -36.966300         3.400000     1.00 0
        1.705231       -59.832370       -23.712061    32.50 1     237       3
       12.060000       -69.006300       -39.281300    51.00 0
           3
       15.770000       -13.716300       -13.621300     1.00 0
        8.933306         5.911106        26.705942    41.00 1     148       3
        9.240000         7.360000        37.160000    51.00 0
           4
       19.530000       -14.156300       -16.411300     1.00 0
       16.655864       -16.734563       -39.028045    27.00 1     195       2
       12.585609       -23.721421       -55.690964    49.00 1      55       4
       12.330000       -24.536300       -57.131300    51.00 0
           4
        9.860000        -3.456300        39.360000     1.00 0
       14.333769       -21.762831        44.548442    19.17 1      18       4
       16.396203       -27.158025        25.996207    46.50 1      55       3
       15.730000       -27.856300        21.890000    51.00 0
           5
        6.250000        -1.156300       -39.931300     1.00 0
        4.612984        -5.233238       -36.999102     7.00 1     189       3
       -9.425435        -8.464521       -28.443397    27.33 1     187       3
      -17.046784        -0.656756       -27.189226    42.33 1     226       2
      -20.233700         7.820000       -29.701300    51.00 0
           5
       15.100000       -33.166300        28.430000     1.00 0
       29.118630       -39.134525        31.500080    15.00 1     286       4
       45.421000       -49.459358        38.544668    31.11 1      98       3
       48.779378       -52.744997        41.295491    36.15 1     222       1
       57.450000       -64.036300        49.850000    51.00 0
           4
       12.660000       -30.336300        31.110000     1.00 0
        0.821377       -22.696021        41.062103    19.33 1      67       3
        3.052851       -13.200675        40.086573    34.00 1      17       6
       -2.273700         0.810000        26.880000    51.00 0
           4
      -16.563700        12.530000       -26.581300     1.00 0
      -12.194132        13.898255       -32.876336    13.50 1       6       1
       -1.683859         5.035093       -45.795912    45.00 1     292       1
       -0.813700         4.770000       -52.171300    51.00 0
           4
      -17.623700        14.190000       -21.931300     1.00 0
       -7.641696         5.982928       -15.346451    19.26 1     160       3
       -9.773213         7.923718        -8.967507    29.26 1     229       2
       -4.143700        16.950000        11.710000    51.00 0
           5
        1.570000        10.720000        22.370000     1.00 0
       10.950541        18.463612        20.255466    14.75 1     276       5
       13.226073        21.055283        20.254887    20.50 1     263       2
        5.770779        24.177724        14.347529    39.00 1      35       2
       -0.333700        17.280000        14.850000    51.00 0
           4
        3.750000         8.530000        19.090000     1.00 0
       12.743124         9.042177        15.817432    10.04 1     212       4
       15.357277        11.868544        13.956853    13.02 1     177       1
       46.420000        38.560000        -2.611300    51.00 0
           2
       -7.843700        17.180000        13.810000     1.00 0
      -27.763700        41.750000        -3.041300    51.00 0
           6
       -4.573700        14.600000        16.840000     1.00 0
        1.882195         8.861669        15.388215    10.50 1     109       2
       11.157141         0.884653        17.395604    21.75 1      24       1
       14.815805        -1.400243        14.185849    30.25 1     212       2
       20.741459        -3.352360         7.154751    41.50 1     210       3
       28.080000         1.010000        -0.851300    51.00 0
           3
      -28.793700       -30.056300        -7.371300     1.00 0
      -40.462473        -3.723161        -4.598557    40.67 1     169       1
      -49.473700         1.890000        -4.291300    51.00 0
           3
      -33.313700       -29.056300        -9.821300     1.00 0
      -49.519103       -47.907156       -41.725511    45.00 1     206       2
      -50.593700       -52.376300       -45.111300    51.00 0
           6
       22.640000        11.770000        -2.661300     1.00 0
       16.738541        14.410869       -14.906667    11.83 1     221       2
       12.960893        17.122617       -24.423812    23.50 1     232       3
       13.811569        22.104023       -33.313166    33.50 1      45       3
       18.740035        26.436037       -38.958548    44.17 1     242       5
       26.580000        25.220000       -39.131300    51.00 0
           6
       27.120000        12.500000         0.010000     1.00 0
       40.796031        24.788191         5.502487    17.67 1     191       3
       40.612970        35.769326         8.524603    29.50 1       8       1
       41.942871        41.516167         8.481812    37.00 1     296       2
       43.671493        44.240516        -2.527569    49.00 1     299       1
       43.780000        44.720000        -3.931300    51.00 0
           3
       36.410000        18.180000        37.750000     1.00 0
       42.233775        -1.574310        27.083151    20.50 1      46       1
       45.860000       -28.186300        -2.001300    51.00 0
           5
       35.630000        22.330000        36.250000     1.00 0
       17.273970        29.202324        31.970971    29.75 1     138       4
       19.584416        25.539008        34.731252    43.00 1     168       3
       21.195817        22.575522        37.893942    47.00 1     206       2
       21.820000        20.860000        40.840000    51.00 0
           4
      -37.133700       -22.906300        -5.471300     1.00 0
      -46.350487       -31.537085       -19.757740    21.00 1     143       2
      -51.084301       -45.941055       -25.893298    38.00 1     149       2
      -55.813700       -53.436300       -36.001300    51.00 0
           4
      -33.753700       -21.406300        -8.131300     1.00 0
      -41.292171       -13.822066       -25.458712    20.00 1      54       3
      -43.262194         1.056227       -38.359938    39.11 1     117       1
      -49.263700         3.810000       -49.371300    51.00 0
           5
       11.680000        19.340000       -40.341300     1.00 0
       25.968724         6.860080       -41.371562    36.00 1     127       4
       26.122129         2.353833       -44.420842    43.49 1     230       6
       25.414968         0.976735       -46.995547    47.25 1     201       1
       24.180000         0.930000       -49.721300    51.00 0
           4
       12.330000        17.380000       -37.221300     1.00 0
        6.212302        19.075385       -46.271623    13.67 1     288       3
        4.101646        19.035260       -58.602194    27.33 1     259       2
        5.190000        -3.066300       -69.381300    51.00 0
           4
       17.740000         7.730000        35.260000     1.00 0
        3.615993        26.510747        23.852937    23.50 1     138       5
        0.789099        18.550944        14.726868    34.69 1      78       4
        2.080000         0.690000        11.020000    51.00 0
           3
       21.300000        11.450000        34.700000     1.00 0
       21.688686        22.695756        28.981958    19.50 1     224       3
        2.140000        47.420000        17.650000    51.00 0
           3
       -5.143700        -8.696300        13.450000     1.00 0
      -11.267345       -22.781715         7.184568    19.00 1     274       2
        0.590000       -24.686300        18.830000    51.00 0
           6
       -3.603700        -6.396300        17.810000     1.00 0
       -8.101980        -7.886454        23.159437     7.17 1     255       2
      -20.570674       -14.269861        30.369872    25.00 1      59       4
      -24.411892       -10.633166        29.300739    32.00 1      11       1
      -30.544575        -4.014659        27.666719    40.50 1     192       3
      -35.173700         9.350000        28.930000    51.00 0
           5
        6.480000       -22.046300         9.800000     1.00 0
       18.743953       -12.405241        11.208880    13.78 1     217       4
       25.043548         6.731238        14.366406    31.50 1     108       1
       28.794565        12.918917        17.397095    38.50 1     276       2
       39.440000        12.340000        27.550000    51.00 0
           5
        2.790000       -25.756300         8.900000     1.00 0
       -3.825681       -34.467639         4.311744    15.78 1      68       2
      -12.099301       -46.154607        13.685310    32.56 1     250       3
      -16.192536       -52.077493        21.340458    46.00 1     137       2
      -19.013700       -56.586300        24.910000    51.00 0
           5
      -33.413700        19.910000        30.480000     1.00 0
      -38.209314        24.301558        29.780359     9.00 1     130       1
      -32.233884        27.386583        38.546164    25.50 1      74       2
      -25.583793        28.020030        35.538542    37.00 1      54       1
      -23.073700        19.200000        25.060000    51.00 0
           5
      -29.743700        18.410000        31.530000     1.00 0
      -27.998486        17.900294        32.362742     5.50 1     290       2
      -22.901085        20.222582        50.522499    25.67 1      60       2
      -24.883959        19.294460        63.515633    40.76 1      19       1
      -28.883700        17.560000        72.080000    51.00 0
           6
      -18.513700        16.880000        14.910000     1.00 0
      -23.547472        17.965201        10.352844     9.00 1     283       2
      -39.937638         6.799225         8.040825    27.67 1     213       1
      -43.582703        10.896044         8.559400    33.33 1     108       3
      -34.519992        15.554163        -0.240140    46.50 1     159       2
      -30.943700        17.020000        -4.161300    51.00 0
           5
      -15.963700        13.340000        18.000000     1.00 0
      -14.773644         5.002481        17.997756    11.00 1     300       4
      -17.289290        -3.434239        12.113529    20.69 1      21       5
      -23.763917        -0.949392         5.628643    32.50 1     216       1
      -29.233700        13.650000       -11.221300    51.00 0
           4
      -36.283700        22.520000       -12.491300     1.00 0
      -27.562207        29.384404       -11.694283    23.40 1      61       4
      -26.837967        27.230386       -12.282079    30.94 1     156       3
      -26.933700        17.910000       -13.381300    51.00 0
           5
       38.440000        23.650000        -9.031300     1.00 0
       17.311004        29.580204        -7.638116    18.32 1     273       1
        8.933906        31.307803        -8.015325    27.50 1     275       3
        6.792831        30.714989        -9.473433    31.00 1     250       2
       10.930000        40.790000       -20.731300    51.00 0
           5
      -37.403700        18.900000       -17.811300     1.00 0
      -37.717081        21.817098       -23.601756     8.50 1     164       2
      -37.275605        27.818894       -25.956225    16.00 1      40       3
      -40.148642        38.255145       -24.773330    25.00 1      57       3
      -66.363700        44.770000       -23.961300    51.00 0
           4
       38.730000        17.630000       -13.301300     1.00 0
       33.807975        16.547507       -10.958028     6.00 1     277       2
       15.460289        12.352456        -2.981986    25.33 1     254       4
       -2.283700         3.000000        16.150000    51.00 0
           4
        2.260000       -31.016300       -26.261300     1.00 0
      -10.475394       -18.074304       -35.463546    18.50 1      17       2
      -12.063752        -0.498289       -49.081109    37.50 1       1       4
       -1.243700         2.630000       -60.401300    51.00 0
           4
        6.790000       -32.896300       -27.941300     1.00 0
        2.328918       -33.920511       -32.578011    13.22 1     231       4
        1.009604       -39.458540       -28.728434    29.19 1     241       4
       14.110000       -47.506300       -21.891300    51.00 0
           5
        9.410000         4.160000        15.910000     1.00 0
       25.046383         6.731371        14.366809    13.50 1      96       3
       34.072485        10.896372         8.560562    22.00 1     100       3
       30.822855        15.825135         1.491675    30.00 1      85       1
       16.680000        30.880000       -17.701300    51.00 0
           4
        4.940000         2.900000        13.440000     1.00 0
        1.882588         8.859947        15.390119     9.67 1      81       2
        4.241705        12.389742        -3.558622    39.33 1     159       4
        3.670000         6.570000       -13.111300    51.00 0
           4
       14.200000        34.800000       -28.091300     1.00 0
       12.067702        59.498366       -15.513735    31.00 1     127       1
       10.091990        67.343812       -15.691237    39.50 1     126       3
        6.340000        79.226300       -12.041300    51.00 0
           4
       16.520000       -37.516300       -26.621300     1.00 0
       20.422921       -32.318871       -49.237277    23.00 1     209       3
       33.137838       -30.405954       -55.695387    35.75 1     178       2
       47.380000       -31.356300       -66.331300    51.00 0
           3
        9.740000        11.180000       -17.081300     1.00 0
        5.282047        17.540190       -15.224276     9.50 1     205       3
      -27.643700        42.460000        11.470000    51.00 0
           6
       12.650000         7.310000       -17.551300     1.00 0
       33.896922         6.446600       -17.867074    19.40 1     277       3
       36.684242         6.633178       -17.897929    24.20 1     118       2
       46.018577        10.713422       -19.100520    34.00 1       4       2
       53.181809        19.444815       -23.096976    42.50 1     166       1
       54.800000        28.070000       -24.751300    51.00 0
           3
      -27.813700       -26.206300         5.310000     1.00 0
      -25.897006       -17.285773        -8.883776    18.00 1      30       3
      -26.273700       -44.846300       -24.981300    51.00 0
           5
      -24.533700       -28.656300         6.010000     1.00 0
      -15.611417       -25.557200        10.488494    10.02 1     122       3
       -5.646748       -20.371733        14.104870    20.50 1      59       1
       15.959794       -11.181350        -1.377830    45.33 1     176       2
       19.220000       -11.806300        -6.911300    51.00 0
           5
      -21.953700        37.320000       -30.981300     1.00 0
      -12.395162        37.299949       -23.617897    12.00 1     184       3
       -7.092945        37.030710       -18.528317    19.00 1     241       2
       -1.686425        45.933865       -14.455027    32.50 1     278       5
       15.930000        60.950000        -7.561300    51.00 0
           3
      -26.343700        34.830000       -30.941300     1.00 0
      -43.264264         1.056175       -38.361090    41.33 1      89       3
      -38.833700         8.980000       -41.221300    51.00 0
           5
       25.850000       -14.686300       -10.051300     1.00 0
       36.682617         6.632173       -17.896150    27.67 1     113       2
       37.392041         8.890723       -21.550848    32.33 1      50       3
       38.122638        12.707552       -31.307502    42.00 1     136       3
       37.380000        13.730000       -41.521300    51.00 0
           4
       25.680000       -18.996300        -9.991300     1.00 0
       18.955445       -23.040306        -9.334799    11.11 1     284       2
       18.808090       -23.166915        -9.150946    13.22 1     202       2
      -11.173700       -45.826300        -0.171300    51.00 0
           4
       35.070000        10.870000        29.340000     1.00 0
       46.646047        26.297530        16.798345    24.67 1       8       2
       58.001186        33.982631         4.675564    47.00 1      62       2
       62.900000        33.270000         2.100000    51.00 0
           4
       30.590000         8.140000        30.880000     1.00 0
       17.562823         0.083720        26.857541    13.50 1     181       5
       -9.855787        -7.479634        12.253220    41.67 1      11       2
      -19.473700        -4.076300         2.610000    51.00 0
           5
      -11.063700        35.730000         9.930000     1.00 0
      -14.095079        46.943605        10.801492    17.15 1     298       3
      -15.609059        51.289142        10.490684    24.58 1     115       2
      -18.485110        54.094812         5.308061    36.00 1     274       2
      -21.363700        69.650000        -1.151300    51.00 0
           5
       -7.443700        32.120000        10.090000     1.00 0
        1.522401        36.062441         6.998403    11.50 1     173       1
       10.708378        43.003932         4.772532    22.17 1      66       5
       18.246049        48.571016         2.352563    34.00 1     142       2
        8.670000        49.340000        -2.331300    51.00 0
           5
      -28.013700         1.770000        -4.021300     1.00 0
      -44.100507        10.619414        -3.470131    15.50 1      41       2
      -60.635649        24.382969         2.131402    32.67 1     253       2
      -65.753512        29.289766         3.758332    39.00 1     141       3
      -68.983700        44.560000        -0.901300    51.00 0
           4
      -24.153700         2.550000        -2.091300     1.00 0
      -13.968402         6.047862        15.930478    20.58 1     300       4
       -7.869350         9.855399        26.761907    32.50 1     256       4
        0.650000         6.300000        44.580000    51.00 0
           4
        5.800000       -28.796300       -10.621300     1.00 0
        6.293603       -23.926944       -11.254141    10.00 1     116       4
       10.093561        -9.506362       -15.691041    30.33 1     110       2
        1.830000         2.900000       -32.641300    51.00 0
           5
        9.320000       -25.836300       -11.431300     1.00 0
       12.069233       -17.345809       -15.517417     9.00 1     110       2
       25.900952         5.313943       -38.103789    36.72 1     128       2
       25.968055         6.858273       -41.371802    40.91 1      90       2
       30.190000        10.690000       -54.931300    51.00 0
           5
        2.100000         0.550000       -37.021300     1.00 0
        6.600851         1.220424       -37.219439     3.33 1     203       3
       25.908390         5.318482       -38.106122    24.26 1     127       3
       29.618530        11.136240       -39.650588    32.50 1      12       2
       28.690000        14.740000       -57.631300    51.00 0
           3
       -0.863700        -3.306300       -37.611300     1.00 0
        9.047829       -36.172195       -59.873135    37.50 1     293       3
       15.980000       -48.276300       -68.081300    51.00 0
           4
       34.580000        15.860000        16.570000     1.00 0
       39.444953        24.304048        29.782116    19.20 1      98       2
       28.480021        25.957084        18.770391    45.00 1     253       2
       20.430000        27.320000        13.760000    51.00 0
           6
       36.920000        11.430000        14.350000     1.00 0
       43.533361         6.478641       -25.827121    32.50 1      50       5
       42.622713         5.556230       -27.939969    35.00 1       4       1
       41.150361         3.480704       -31.349914    37.50 1     251       2
       35.512167        -7.832389       -41.742231    47.67 1     265       1
       33.640000       -11.376300       -44.451300    51.00 0
           4
       25.380000        27.870000         6.550000     1.00 0
       27.727710        33.649403        13.869207    10.75 1     236       1
       36.621225        46.473798        22.795170    30.11 1     111       3
       33.280000        60.500000        36.040000    51.00 0
           3
       22.900000        23.970000         4.580000     1.00 0
       34.212173         8.992275       -19.668786    31.50 1      50       2
       51.900000         2.300000       -29.111300    51.00 0
           2
       25.540000       -18.216300        31.840000     1.00 0
      -22.493700         1.250000        48.000000    51.00 0
           4
       27.280000       -18.226300        27.260000     1.00 0
       24.303647       -14.249963        14.279099    15.39 1     210       5
       22.894787        -7.920963         3.329698    24.50 1     181       3
       22.550000        17.000000       -20.891300    51.00 0
           5
      -24.873700        10.130000       -30.761300     1.00 0
      -28.664829        10.879293       -30.379375     9.33 1     251       3
      -39.530626        12.707817       -31.309475    33.00 1     118       4
      -48.028248        14.578715       -31.102805    41.62 1     248       6
      -56.533700        17.750000       -25.671300    51.00 0
           4
      -22.243700        11.660000       -34.791300     1.00 0
      -16.194849        24.767974       -59.630927    34.44 1      97       4
       -8.513552        24.738343       -60.737388    46.44 1      31       2
       -4.073700        27.000000       -61.001300    51.00 0
           6
       20.310000        26.810000       -26.011300     1.00 0
       20.261826        31.783325       -29.444365     9.71 1     149       3
       17.745854        29.595877       -46.337448    25.00 1     168       4
       17.275555        29.201640       -49.000691    28.00 1      87       1
        3.616072        26.508779       -57.118822    45.00 1      92       2
       -2.003700        29.980000       -60.081300    51.00 0
           4
       23.500000        24.680000       -29.191300     1.00 0
       18.833510        33.274457       -61.691793    32.67 1     259       2
       18.407365        33.389283       -63.372220    36.33 1     264       4
       17.960000        39.090000       -80.661300    51.00 0
           5
        1.870000        34.160000        19.880000     1.00 0
        2.920674        36.918606        30.399861    11.50 1     235       1
        6.334987        38.385881        62.666737    35.39 1     285       1
        7.684997        38.086827        66.437050    39.70 1     153       3
       15.080000        38.140000        77.090000    51.00 0
           5
        5.310000        32.890000        16.150000     1.00 0
        9.823935        31.359979         8.743020     9.50 1      23       1
       11.901315        29.292173         3.757763    16.00 1     124       4
       -0.911192        10.417824        -2.428527    37.67 1     182       5
       -4.483700        -3.416300        -4.471300    51.00 0
           6
       12.890000       -32.506300        -2.321300     1.00 0
       18.243863       -28.275746         2.351941     8.61 1     123       4
       21.896008       -22.681605         0.026287    15.61 1       9       2
       23.653284       -11.621667        -6.485310    28.50 1     181       2
       10.203836        -6.960099        -6.642844    43.00 1      11       4
        0.130000        -5.076300        -6.291300    51.00 0
           4
       11.140000       -33.976300        -7.001300     1.00 0
       27.589400       -36.510172       -20.234324    28.50 1     248       3
       31.304569       -31.520580       -19.757037    39.50 1      88       1
       32.350000       -21.326300       -21.061300    51.00 0
           3
       -4.633700       -11.646300         0.600000     1.00 0
      -27.478982       -13.859681        12.170084    22.33 1      21       3
      -40.793700       -21.736300       -18.691300    51.00 0
           5
        0.120000       -13.636300        -0.451300     1.00 0
        3.952561       -17.265502        -0.996369     6.67 1     267       2
       32.556985       -38.971771       -12.988185    37.00 1     249       4
       34.718259       -44.317000        -2.049969    48.50 1     287       2
       35.240000       -45.806300         1.170000    51.00 0
           4
       35.970000       -20.226300       -29.641300     1.00 0
       39.269169        -2.458877       -49.506404    20.89 1     199       3
       38.222797        19.726274       -68.804245    43.50 1      53       1
       35.320000        28.050000       -75.241300    51.00 0
           6
       31.690000       -22.526300       -29.241300     1.00 0
       13.438738       -28.940704       -31.158031    16.50 1      66       1
        2.666231       -31.819459       -32.118843    25.94 1     231       4
       -6.722492       -37.445192       -39.887398    38.67 1      65       1
       -4.585042       -47.337234       -46.264692    49.50 1     150       1
       -4.013700       -49.476300       -47.571300    51.00 0
           5
       27.250000        23.440000        -1.001300     1.00 0
       18.628985         9.573282        17.292167    21.00 1     177       3
        8.933713         5.909417        26.706940    33.50 1      70       2
        1.210766        10.389870        29.165842    40.36 1      28       3
       -5.013700        22.220000        33.070000    51.00 0
           5
       31.530000        24.160000        -3.841300     1.00 0
       26.571300        30.905319       -25.893587    24.19 1      88       2
       20.263617        31.776586       -29.433782    29.03 1     138       1
        4.441605        34.635018       -25.447174    45.50 1     107       3
       -2.133700        36.300000       -23.971300    51.00 0
           5
        3.430000        28.710000        33.400000     1.00 0
       -4.586384        29.509369        34.708050     9.50 1     147       4
      -13.000975        33.645543        35.552332    19.93 1      37       2
      -14.009034        36.851636        39.337955    25.50 1     295       2
       -6.093700        39.400000        58.540000    51.00 0
           5
        6.660000        24.730000        32.640000     1.00 0
       14.162495        16.308098        25.879935    13.50 1     276       4
       13.555482        -5.074196        33.233041    33.00 1      27       4
       14.437227        -4.567921        43.801490    44.33 1     167       3
       13.740000        -0.886300        50.800000    51.00 0
           5
       -3.513700       -31.646300       -24.391300     1.00 0
        5.510939       -24.949097       -28.641179    14.00 1     231       3
        8.033705       -19.395940       -28.210358    20.00 1      18       3
       19.033097         2.499334       -28.007418    43.00 1      20       3
       15.710000         3.760000       -31.221300    51.00 0
           4
       -8.263700       -31.926300       -25.111300     1.00 0
       -4.625972       -38.723086       -21.534437    25.50 1     241       3
        7.683424       -38.757902       -14.535276    43.50 1     140       3
       17.540000       -42.406300       -13.221300    51.00 0
           6
       10.770000         4.380000       -24.171300     1.00 0
       16.256973        11.656037       -20.236271    12.00 1     232       3
       27.648622        28.992644       -12.328289    33.99 1     287       2
       28.066512        30.281276       -11.835928    39.98 1     189       1
       27.787905        34.200366       -10.032281    42.99 1     249       2
       22.400000        33.600000       -12.631300    51.00 0
           5
        7.930000        -0.056300       -23.661300     1.00 0
        1.364430       -14.673602       -17.534372    14.33 1     160       1
       -7.747735       -30.304547       -15.389590    31.00 1      68       3
      -12.437647       -36.512855       -13.093919    36.50 1     225       2
      -21.943700       -49.396300        -8.091300    51.00 0
           4
       20.840000       -33.746300       -18.131300     1.00 0
       35.683166       -34.429434       -25.184448    19.33 1     299       1
       39.959704       -38.335707       -22.262778    33.67 1     249       5
       51.690000       -50.566300       -11.401300    51.00 0
           3
       16.560000       -35.446300       -15.811300     1.00 0
        5.933624       -28.501092       -19.325651    24.33 1      45       2
       10.750000       -25.406300       -21.081300    51.00 0
           4
      -28.743700        24.380000        -0.911300     1.00 0
      -43.121242        23.877551        -0.063911    15.00 1     276       1
      -55.833162        35.550134        -7.192879    33.50 1     273       3
      -67.643700        51.660000       -16.021300    51.00 0
           5
      -24.993700        20.910000        -2.591300     1.00 0
      -34.516505        15.555286        -0.242019    15.50 1     100       5
      -49.373138        11.168672         1.420160    29.50 1     174       1
      -73.410238        12.388608        -3.559690    48.00 1     109       3
      -76.013700        12.700000        -4.611300    51.00 0
           5
        2.290000       -21.976300       -18.641300     1.00 0
        1.363203       -14.672801       -17.533607    10.00 1     155       2
        1.800404        -3.033830       -15.631607    24.00 1     246       3
       -7.643301         5.982385       -15.346000    40.50 1      77       2
       -2.393700        12.680000        -7.851300    51.00 0
           3
        3.150000       -17.246300       -20.051300     1.00 0
        2.994817        15.624973       -30.954829    37.00 1     237       2
       -0.703700        25.880000       -17.601300    51.00 0
           2
        4.710000        16.990000       -10.411300     1.00 0
       -1.183700        23.200000       -12.931300    51.00 0
           3
        4.110000        13.380000       -14.071300     1.00 0
       17.799351         9.907218       -18.634434    23.33 1     232       2
       31.340000        14.100000       -23.551300    51.00 0
           3
       -4.883700        20.840000       -14.961300     1.00 0
       39.938442        21.817967       -23.601779    43.33 1     104       2
       36.030000        15.870000       -24.291300    51.00 0
           4
       -7.753700        20.850000       -10.481300     1.00 0
      -18.329065         8.754765         9.981776    24.50 1     297       1
      -20.223745         4.061377        23.227871    38.50 1     216       2
      -26.553700         7.650000        37.180000    51.00 0
           5
       28.530000        18.260000       -30.871300     1.00 0
       53.188544        19.447213       -23.098341    28.50 1     113       5
       52.657741        18.013539       -26.419400    32.75 1     268       3
       50.607875        12.374007       -35.259950    46.33 1       6       1
       49.500000         9.310000       -39.341300    51.00 0
           5
       26.340000        13.340000       -31.111300     1.00 0
       20.253035        -2.357438       -32.319103    16.33 1     230       4
       14.436224        -4.565650       -37.166765    28.89 1     151       4
       15.784838       -15.319965       -38.007841    39.69 1     195       2
        8.510000       -22.226300       -44.851300    51.00 0
           6
      -36.773700         4.960000        38.380000     1.00 0
      -46.703786        13.555506        36.109697    12.50 1      12       2
      -58.068343        25.536032        34.732320    27.00 1      87       3
      -59.908777        29.595258        34.632198    31.00 1     138       3
      -63.162045        37.076436        33.883239    37.33 1     209       2
      -69.253700        51.660000        31.630000    51.00 0
           3
      -35.113700         0.590000       -40.321300     1.00 0
      -40.464718        -3.723170        -4.597556    31.50 1      82       2
      -48.853700        13.770000        11.250000    51.00 0
           4
        0.580000       -26.666300        29.540000     1.00 0
        9.235945       -37.468234        28.363761    14.50 1     262       1
       20.771184       -53.359363        19.396934    37.11 1     264       3
       25.050000       -60.986300        14.200000    51.00 0
           3
       -2.383700       -23.476300        32.190000     1.00 0
      -17.855721        -7.250675        45.528886    27.50 1      60       3
      -28.913700         4.600000        69.380000    51.00 0
           4
       30.280000        25.580000        14.210000     1.00 0
       42.706553        22.188726         4.946547    26.50 1     191       3
       42.379480        15.949543        -3.462553    37.00 1      41       2
       49.500000         5.540000        -7.061300    51.00 0
           3
       25.400000        24.740000        12.690000     1.00 0
        1.520558        36.062957         6.997946    30.00 1     123       1
        0.310000        13.660000         3.740000    51.00 0
           5
      -36.363700        10.920000        -9.511300     1.00 0
      -49.376117        11.170008         1.421003    20.00 1     159       3
      -58.909669         9.749910         8.196458    36.25 1     197       3
      -66.861257         9.161341         6.000260    45.50 1     177       1
      -76.003700         8.720000         3.200000    51.00 0
           4
      -34.323700        14.950000       -11.361300     1.00 0
      -25.511884        32.069723        -3.132695    27.33 1     299       3
      -19.326480        37.301738         3.303763    39.33 1     112       2
      -12.833700        39.080000        12.200000    51.00 0
           6
        8.920000         5.770000         2.010000     1.00 0
       13.829982        -6.140030        -1.158981    13.50 1      29       1
       15.960200       -11.181559        -1.379723    18.67 1     115       4
       17.202419       -14.341839        -0.366856    21.33 1       9       3
        9.163380       -23.437904         8.016670    34.50 1     214       2
       -9.573700       -35.626300        14.680000    51.00 0
           6
       10.570000         9.030000         5.610000     1.00 0
       15.358248        11.868740        13.958459     9.36 1      79       3
       18.626705         9.574053        17.292701    14.64 1     148       2
       22.396329         1.401776        20.237118    24.75 1      24       3
       24.597039        -7.097224        35.576848    39.00 1     192       1
       27.780000       -16.796300        48.010000    51.00 0
           5
      -20.923700        37.230000        15.270000     1.00 0
      -44.512933        46.439442        25.274236    23.69 1     111       3
      -44.605408        46.493498        25.317052    26.12 1     111       2
      -47.963427        51.149705        35.848445    41.50 1     289       2
      -49.043700        54.940000        47.920000    51.00 0
           4
      -17.713700        34.620000        12.430000     1.00 0
      -19.153501        23.453671         0.982389    18.33 1     228       2
      -21.070093        17.431966        12.597895    41.50 1     100       1
      -20.193700        10.800000        18.530000    51.00 0
           3
       22.990000       -16.956300       -27.151300     1.00 0
       26.813113       -13.854354       -36.733785    11.50 1     177       5
       55.050000         7.510000       -61.791300    51.00 0
           6
       24.580000       -16.796300       -21.971300     1.00 0
       23.651423       -11.622170        -6.485720    13.50 1     142       4
       22.896220        -7.920641         3.327993    22.33 1     135       3
       22.387479        -6.997353         5.695923    24.67 1      39       1
       17.562215         0.085145        26.856698    41.00 1     121       2
       14.070000         4.260000        41.770000    51.00 0
           6
      -14.683700         5.290000        10.290000     1.00 0
      -13.224218         8.216630         7.581430     4.50 1     300       6
       -6.973769        12.484856         1.443300    13.15 1      77       3
       -1.571681        11.101704        -1.590180    20.64 1      51       3
       -0.939088        10.435941        -2.348594    23.82 1     141       3
       12.710000         4.190000       -33.981300    51.00 0
           4
      -13.683700         2.010000        13.770000     1.00 0
       -4.188090        -3.997906        14.534357    13.50 1      28       2
       -6.801905       -15.440011        -0.354837    31.50 1     266       3
      -20.623700       -22.726300       -18.161300    51.00 0
           4
        9.100000        11.540000       -33.501300     1.00 0
       -0.812766        24.202084       -30.238645    16.33 1     256       2
      -12.395435        37.298766       -23.616356    38.00 1     116       2
      -20.283700        49.640000       -20.521300    51.00 0
           5
        6.240000         8.350000       -30.531300     1.00 0
        0.084006        11.651287       -18.740963    12.50 1     205       3
       -1.134354        15.354102       -14.034988    20.00 1     254       1
        1.737065        22.598531        -7.894656    33.00 1       5       1
       21.500000        32.070000         2.780000    51.00 0
           4
      -27.173700       -25.496300       -28.361300     1.00 0
      -44.710357       -28.461241       -49.611057    24.00 1     291       2
      -45.839749       -28.642914       -51.790772    27.00 1     178       3
      -52.703700       -43.666300       -74.491300    51.00 0
           5
      -22.363700       -23.816300       -28.891300     1.00 0
      -14.164053       -18.471528       -29.476323    10.50 1     208       1
       -7.930258       -14.138383       -33.897408    21.33 1      17       4
       -9.427111        -8.462039       -28.441598    32.50 1      73       3
      -21.403700        -0.956300       -13.151300    51.00 0
           5
       29.590000        36.610000        -2.071300     1.00 0
       43.253726        36.480591        -8.754052    16.00 1     274       4
       48.521413        29.766968       -18.714690    27.00 1      40       2
       50.247508        22.209156       -17.123114    34.92 1      52       3
       55.660000         3.920000       -11.941300    51.00 0
           5
       28.840000        33.010000        -5.351300     1.00 0
       28.065684        30.277550       -11.839023     7.50 1     154       3
       26.382731        21.957599       -17.511157    17.00 1      48       2
        4.610483        -5.232995       -37.007067    49.50 1      73       1
        3.480000        -6.246300       -39.021300    51.00 0
           5
      -18.563700         0.110000        -2.061300     1.00 0
       -5.203872        -8.573665         8.607500    16.33 1     183       2
       -2.976028        -6.524172        26.451773    36.00 1     207       2
       -3.078916        -3.575586        32.558281    43.33 1     292       3
        2.970000        -5.716300        36.830000    51.00 0
           5
      -19.753700         4.960000        -3.731300     1.00 0
      -30.001369        17.605695         2.936695    15.11 1      52       1
      -34.947532        22.187617         4.947877    21.75 1     172       1
      -36.858843        24.788445         5.503566    25.50 1      85       2
      -33.083700         4.560000         4.030000    51.00 0
           5
       13.830000       -10.826300        37.240000     1.00 0
       24.607523        -7.094025        35.575498    11.00 1     177       4
       37.116194        -1.600777        35.104775    21.50 1     227       3
       47.110661        -4.014143        27.666889    32.00 1      95       4
       42.750000         0.420000         5.990000    51.00 0
           6
        9.360000       -13.266300        38.620000     1.00 0
        5.677334       -14.657991        39.155524     5.00 1      17       6
      -21.451341       -20.944247        43.036646    29.89 1      17       1
      -21.753409       -19.646672        48.396827    36.08 1     206       4
      -21.709489       -18.561561        52.259110    42.69 1     265       4
      -20.673700       -15.276300        62.060000    51.00 0
           5
      -34.133700        -0.636300        -4.821300     1.00 0
      -30.112029        -3.283089        -7.976823     9.50 1     228       6
      -16.297169       -11.991006        -8.855741    25.17 1     208       3
      -10.220780       -14.039126        -9.076936    37.00 1     266       4
      -18.103700       -15.236300       -14.401300    51.00 0
           3
      -31.933700        -4.646300        -2.821300     1.00 0
      -61.870113       -15.320479       -38.006894    46.00 1     167       4
      -58.843700       -20.236300       -41.551300    51.00 0
           4
      -20.513700        -5.116300       -14.781300     1.00 0
      -23.280134        -9.088603       -20.321356     9.00 1     277       4
      -29.539534       -14.034511       -26.834949    22.00 1     219       1
      -54.863700       -23.486300       -41.251300    51.00 0
           5
      -15.933700        -5.666300       -13.861300     1.00 0
      -10.143066         2.441927        -5.320260    13.00 1     229       2
        3.429517        11.224590         5.598426    28.33 1     109       2
       18.883866         9.736114         8.219069    44.12 1     174       2
       26.830000         4.470000        11.390000    51.00 0
           2
       27.030000       -19.256300       -37.261300     1.00 0
       29.590000         0.540000        12.190000    51.00 0
           5
       30.390000       -16.796300       -40.411300     1.00 0
       45.449312        -5.915022       -43.361456    20.00 1     211       1
       40.502880        -2.416902       -48.389193    31.33 1     192       3
       33.571115        -2.676053       -54.668817    43.50 1     212       5
       26.580000        -8.256300       -57.431300    51.00 0
           5
       31.740000         0.780000        19.220000     1.00 0
       34.437391        -2.908362        18.746034     6.00 1      42       2
       39.545139       -12.273544        21.469176    24.50 1       3       2
       31.775530       -14.680737        23.837267    40.33 1      21       1
       27.690000       -13.206300        22.980000    51.00 0
           6
       29.120000         1.830000        23.210000     1.00 0
       24.091040         0.675191        37.811347    14.00 1     230       4
       21.147393        -6.337480        46.101550    25.00 1      20       2
       19.167799       -12.876745        53.960253    33.31 1      15       3
       23.946753       -18.687062        61.197417    41.50 1     231       1
       30.190000       -24.576300        70.840000    51.00 0
           5
       18.550000       -14.996300        18.600000     1.00 0
       17.571911       -19.611381        14.181398    11.00 1      58       1
       18.816123       -23.159833        -9.161341    35.50 1     119       2
       18.975892       -23.220206        -9.475271    42.50 1     284       2
       27.080000       -23.206300        -6.441300    51.00 0
           4
       16.820000       -12.006300        22.450000     1.00 0
        7.493332       -15.662708        38.517338    22.00 1      17       6
        6.600894         1.218414        43.751952    46.50 1     128       1
        6.030000         7.900000        43.520000    51.00 0
           5
       32.860000       -26.996300         2.410000     1.00 0
       52.246867       -19.881996        22.021300    21.00 1     233       2
       58.938007       -17.123765        26.982058    27.00 1     215       1
       64.332016       -13.135968        30.252147    31.63 1     269       2
       83.563700         4.610000        39.490000    51.00 0
           5
       29.190000       -29.336300        -0.711300     1.00 0
       18.431020       -43.553447        -7.553145    16.50 1     273       1
        9.239289       -54.838738       -12.550507    27.00 1      36       3
        0.085258       -65.195864       -18.744328    37.50 1     185       1
      -10.673700       -80.452600       -26.961300    51.00 0
           5
       15.620000        14.660000        37.450000     1.00 0
       21.195171        22.574775        37.895814     7.50 1      87       4
       34.479634        34.754175        40.496558    20.67 1     252       1
       55.899018        57.198526        48.398365    42.00 1     193       4
       64.400000        69.020000        51.050000    51.00 0
           5
       15.210000         9.370000        38.010000     1.00 0
        5.730628        -0.819738        30.209842    16.50 1     263       5
       -8.455552       -10.108705        24.088254    30.50 1     255       2
      -15.082309       -10.137400        16.796367    39.50 1       1       3
      -17.333700        -7.526300         2.340000    51.00 0
           4
       -8.043700        -0.956300       -36.531300     1.00 0
      -14.164209       -18.473234       -29.477061    18.33 1     187       1
      -16.295115       -11.992226        -8.857738    45.00 1     194       3
      -16.993700       -10.066300        -1.591300    51.00 0
           4
       -7.493700         3.060000       -33.481300     1.00 0
       14.489905        37.077045       -47.087941    32.67 1     168       5
       20.424315        44.526763       -49.236007    40.50 1     111       1
       24.980000        54.270000       -56.851300    51.00 0
           6
      -12.013700        -0.586300        -4.171300     1.00 0
       15.838680        -2.561318         4.495988    25.69 1      42       4
       20.742434        -3.350745         7.154138    29.82 1      81       5
       21.674509        -5.891594         8.856033    31.88 1     181       4
       24.303537       -14.248813        14.279536    43.33 1     135       2
       26.130000       -21.986300        19.060000    51.00 0
           3
      -16.303700         0.680000        -6.591300     1.00 0
      -32.205256        -5.915457       -43.361965    41.50 1     199       1
      -38.383700        -9.326300       -53.211300    51.00 0
           7
       23.280000       -12.956300        18.080000     1.00 0
       18.219707        -6.730949        15.697390     7.50 1      42       3
       14.812239        -1.399798        14.188757    12.00 1      81       3
       12.741955         9.042591        15.815967    21.67 1      79       1
       22.596146        11.853609        23.104672    32.67 1     276       3
       33.575968        -2.687045        26.303554    48.50 1     199       3
       35.400000        -6.266300        26.410000    51.00 0
           3
       28.520000       -12.566300        18.490000     1.00 0
       37.716229         6.801228         8.040380    24.67 1     100       3
       53.410000       -12.756300         3.690000    51.00 0
           3
       34.600000       -18.746300        23.920000     1.00 0
        9.165475       -23.438436         8.015925    27.00 1     176       4
      -18.913700       -12.826300         3.650000    51.00 0
           3
      -38.303700       -17.326300        25.710000     1.00 0
      -18.713954       -17.124703        26.981750    28.67 1     204       3
      -22.963700        -8.916300        33.590000    51.00 0
           4
      -25.183700        -4.066300         1.010000     1.00 0
      -23.762886        -0.948472         5.628776     8.00 1     101       3
      -20.223000         4.063067        23.229929    31.50 1     165       3
      -18.653700        -6.806300        34.910000    51.00 0
           5
      -28.413700        -7.066300         1.130000     1.00 0
      -43.348389        -7.550337         7.744629    15.50 1      39       2
      -49.546984        -9.451724         9.390365    20.50 1     245       4
      -58.908938       -12.403071        11.211324    31.33 1      96       2
      -44.533700       -10.576300         3.170000    51.00 0
           5
      -27.283700       -10.476300       -39.181300     1.00 0
      -29.767844       -12.908850       -31.440004    10.50 1     219       4
      -29.871657       -14.240772       -26.359776    17.00 1     219       2
      -39.588003        -7.782667         1.134320    47.31 1     232       2
      -40.483700        -7.476300         2.210000    51.00 0
           5
      -22.973700       -10.006300       -36.101300     1.00 0
      -29.873141       -14.240305       -26.370439    16.01 1     218       2
      -29.860417       -14.177767       -27.038395    19.16 1     196       3
      -29.767604       -12.910255       -31.437688    25.44 1     218       2
      -33.333700         8.660000       -40.351300    51.00 0
           4
       36.620000        -0.716300         8.890000     1.00 0
       39.995761         3.513957        15.528299    10.50 1      39       4
       54.607068         5.733993        40.824899    40.83 1       6       3
       47.860000        12.400000        39.900000    51.00 0
           4
       38.000000        -0.836300         3.830000     1.00 0
       28.780509         7.614231        -5.372686    16.67 1      41       4
       16.735585        14.411775       -14.909863    33.07 1      84       2
       -0.103700        11.900000       -24.481300    51.00 0
           4
      -36.803700        17.440000        36.720000     1.00 0
      -28.869545        24.102820        41.298200    14.67 1      74       4
      -16.793928        30.820777        45.098569    26.50 1      37       3
       -1.253700        11.220000        52.120000    51.00 0
           3
      -34.713700        12.800000        35.550000     1.00 0
      -30.345241        25.269112        17.696339    33.85 1       8       2
      -35.683700        35.590000        26.450000    51.00 0
           4
       -0.343700         4.690000       -28.701300     1.00 0
        8.277355        18.504915       -43.218042    21.50 1      91       1
       21.687713        22.694218       -51.988698    35.67 1      93       1
       40.980000        31.200000       -51.961300    51.00 0
           4
       -1.623700         0.950000       -25.221300     1.00 0
      -12.474343       -22.565617       -14.451842    23.00 1     272       2
      -12.438800       -36.515245       -13.093360    36.33 1     155       4
      -13.743700       -56.746300       -18.771300    51.00 0
           3
      -28.273700        34.390000        34.490000     1.00 0
      -20.643777        55.592202        43.307359    20.50 1      17       1
      -14.203700        91.836300        61.000000    51.00 0
           4
      -27.893700        29.630000        32.170000     1.00 0
      -40.645421         5.375608        29.025939    25.50 1     230       7
      -40.537235        -1.602125        35.103559    35.00 1     192       3
      -36.633700        -7.806300        56.420000    51.00 0
           7
      -15.293700        20.270000        -8.821300     1.00 0
      -19.153511        23.455806         0.982945    11.67 1     179       1
      -21.339611        20.412948         3.217813    15.33 1      22       2
      -24.947583        11.192413        -0.311140    24.00 1     191       1
      -28.484233         2.003776        -4.025579    32.36 1     124       1
      -30.111112        -3.284503        -7.975885    39.50 1     194       2
      -36.053700        -9.596300       -19.881300    51.00 0
           5
      -12.283700        16.890000        -8.961300     1.00 0
       -9.772141         7.924877        -8.966282     9.50 1      77       3
      -10.302311         0.051006        -3.731832    19.50 1     210       1
      -25.740478        -2.139005        15.518132    47.89 1     297       4
      -29.743700        -2.216300        19.170000    51.00 0
           8
       30.660000       -11.726300       -21.471300     1.00 0
       22.567200        -5.644811       -28.640520    10.00 1      16       3
       20.885127        -3.341858       -31.199783    12.00 1      20       3
       20.251054        -2.357231       -32.318273    16.00 1     167       2
       24.091881         0.675311       -43.163176    27.75 1     201       1
       26.121158         2.353119       -44.421985    30.37 1      90       3
       37.008504         5.375621       -51.942852    41.00 1     227       2
       45.060000         1.680000       -62.651300    51.00 0
           6
       32.540000       -15.606300       -19.171300     1.00 0
       23.945111       -18.685973       -19.773563    12.50 1     201       4
        5.509759       -24.947762       -28.640534    27.50 1     152       2
        2.668626       -31.817307       -32.117909    34.28 1     147       2
        3.704942       -43.411953       -32.641110    45.50 1     241       4
        6.190000       -50.196300       -31.761300    51.00 0
           4
      -32.683700        -7.616300         9.820000     1.00 0
      -39.587798        -7.782692         1.137203    11.00 1     218       4
      -61.396008        11.654512       -20.235204    39.00 1     154       1
      -68.393700        23.270000       -29.131300    51.00 0
           6
      -30.583700        -9.086300        14.300000     1.00 0
      -26.822500       -15.070045        18.455278     9.50 1      26       2
      -25.405795       -19.882967        22.021351    16.00 1     204       2
      -26.221761       -26.153475        27.797285    24.00 1      13       3
      -32.257505       -39.028279        39.408811    41.03 1      54       1
      -37.243700       -47.526300        43.110000    51.00 0
           4
       15.620000        26.040000       -34.391300     1.00 0
       29.299029        17.819658       -24.453470    16.00 1      20       5
       36.845974         9.043434       -21.202718    28.00 1      50       3
       38.570000        24.720000       -39.861300    51.00 0
           4
       13.420000        29.940000       -37.321300     1.00 0
        2.918860        36.917724       -50.573116    20.50 1     140       1
       -0.566906        39.866468       -56.003005    28.00 1      65       2
       20.030000        41.780000       -69.131300    51.00 0
           4
       34.790000        25.600000        39.380000     1.00 0
       27.728611        33.650746        13.868132    28.33 1     132       2
       22.856194        39.244204        17.121360    41.33 1     259       4
       23.300000        45.750000        12.740000    51.00 0
           4
       31.690000        25.930000       -37.531300     1.00 0
        2.992674        15.641487       -30.943480    38.00 1     161       2
        1.707138        17.014574       -23.713236    48.00 1      69       2
        0.660000        17.120000       -20.291300    51.00 0
           4
       21.030000       -35.036300         5.980000     1.00 0
        4.354503       -45.337323         0.349828    22.50 1     278       1
       -6.394635       -52.217406        -8.131696    37.69 1     243       1
       -3.803700       -58.606300       -18.751300    51.00 0
           2
       25.400000       -36.246300         3.790000     1.00 0
       62.980000       -56.926300       -24.561300    51.00 0
           3
       -3.903700        15.620000       -26.591300     1.00 0
       -2.780994        -9.447240       -34.855272    29.06 1      17       4
      -13.493700        14.850000       -24.521300    51.00 0
           6
       -3.673700        20.630000       -25.901300     1.00 0
       -7.094701        37.030767       -18.527413    19.33 1     116       2
       -4.625881        38.124656       -21.532800    23.67 1     153       2
        1.009546        37.387784       -28.725743    30.59 1     107       3
        3.706532        33.431328       -32.641970    37.00 1     231       5
       12.190000        20.280000       -44.211300    51.00 0
           7
       -4.983700        21.000000       -29.661300     1.00 0
       14.146518        35.616510       -27.662322    19.57 1     110       1
       17.941171        37.855208       -27.953897    24.71 1     294       2
       18.007863        37.887720       -27.965368    29.86 1     294       2
       19.462143        31.086137       -34.854413    41.00 1     138       2
       18.738820        26.428854       -38.964089    47.00 1      84       4
       16.490000        21.160000       -43.571300    51.00 0
           5
       -6.843700        22.010000       -25.361300     1.00 0
       -6.394211        24.629200        -8.129066    16.00 1     238       2
        1.301393        32.384884         6.480862    30.86 1     173       2
        3.383237        34.349188         9.044071    34.57 1      23       2
       14.780000        43.650000        13.360000    51.00 0
           4
       20.610000        12.830000        30.840000     1.00 0
       12.150907        -3.540445        21.880177    21.44 1     258       1
       11.201476       -28.718688        12.407469    46.00 1     293       5
       14.600000       -31.896300         9.970000    51.00 0
           6
       18.160000        10.580000        31.620000     1.00 0
       20.710409         1.996379        27.836690     8.67 1     121       1
       25.162795        -5.095778        17.007182    23.33 1      42       2
       28.106662        -9.453094         9.391997    31.50 1     217       3
       22.798113         3.719480        -7.885475    49.08 1      41       5
       22.270000         5.070000        -9.091300    51.00 0
           5
       21.860000       -25.406300         8.380000     1.00 0
        9.640120       -17.003534         0.032580    14.33 1     267       3
        3.418882        -6.797308       -11.327704    27.56 1     272       1
        1.799226        -3.032633       -15.632741    35.00 1     160       3
       17.750000         6.300000       -11.601300    51.00 0
           4
       24.840000       -27.126300        12.040000     1.00 0
       40.925804       -19.521456        35.045032    25.00 1      14       3
       35.012221        -3.739137        46.731653    40.50 1      89       2
       29.980000         7.710000        52.570000    51.00 0
           7
       21.500000        16.280000       -13.151300     1.00 0
       23.248402        22.863994       -17.809604     5.81 1      48       1
       25.265481        37.807242       -19.245205    21.25 1     294       3
       27.590823        40.336466       -20.233318    24.50 1     143       2
       29.279084        34.418322       -23.967105    32.00 1       2       2
       30.009307        18.337426       -30.408908    45.67 1     166       1
       29.310000        11.480000       -31.671300    51.00 0
           6
       21.550000        17.830000        -7.871300     1.00 0
       24.501440        27.575870        -8.087237     8.56 1     103       1
       27.788582        34.202390       -10.033048    14.00 1     154       5
       32.556180        37.874266       -12.985665    19.00 1     145       3
       39.896205        38.572554       -22.308819    28.59 1     156       2
       54.740000        32.690000       -50.281300    51.00 0
           4
       19.700000        14.430000       -23.491300     1.00 0
        6.795094        30.715055        -9.475620    20.00 1     103       4
       -1.439758        30.160848        -0.041208    29.00 1     283       4
      -21.083700        31.260000        25.910000    51.00 0
           4
       24.990000        14.920000       -23.711300     1.00 0
       41.149948         3.479348       -31.349645    22.00 1     131       4
       46.395285         9.010423       -30.630075    30.26 1      50       6
       66.170000        23.200000       -28.961300    51.00 0
           5
      -31.253700        30.830000        32.230000     1.00 0
      -43.173660        34.754270        40.497741    12.11 1     206       3
      -46.865057        35.731418        42.594718    15.22 1     281       2
      -68.195300        32.974307        49.900577    36.50 1      45       3
      -86.177400        25.930000        54.180000    51.00 0
           4
      -33.293700        30.280000        27.330000     1.00 0
      -49.174172        25.956578        18.772362    19.50 1     130       2
      -68.090313        23.516439        -9.062026    47.00 1     275       4
      -70.463700        23.190000       -14.741300    51.00 0
           5
       -8.553700        15.760000       -21.161300     1.00 0
       -1.037543        15.305860       -14.046639    12.00 1     185       2
        7.399300        14.296110        -7.230714    23.50 1     275       4
       15.459469        12.351034        -2.979919    36.11 1     105       3
        9.810000        18.630000       -16.291300    51.00 0
           4
       -9.623700        15.300000       -26.011300     1.00 0
       -8.455758       -10.110635       -56.882693    34.67 1     207       3
       -8.088250        -7.803409       -57.847132    38.33 1      95       1
       -4.753700         6.660000       -62.531300    51.00 0
           5
        4.990000        26.080000       -23.231300     1.00 0
        0.098536        24.963608       -29.028432     7.33 1     242       1
      -11.793562        14.389773       -44.846887    34.52 1     280       2
      -11.149649        11.503530       -48.822801    41.44 1     290       3
       -5.473700         8.650000       -58.141300    51.00 0
           5
        2.760000        27.690000       -18.881300     1.00 0
       -4.059018        38.052356       -22.259317    16.50 1     241       3
       -7.969213        46.258915       -15.277261    36.00 1     155       3
      -10.362828        51.748745        -7.891440    45.00 1     272       4
      -11.303700        54.500000         0.030000    51.00 0
           4
        2.950000        15.190000        18.580000     1.00 0
       12.151656        -3.542847        21.879593    19.67 1     244       2
       -2.191148       -17.848235         6.928681    46.50 1     266       1
       -7.203700       -21.666300         2.770000    51.00 0
           5
        0.640000        16.590000        20.980000     1.00 0
        4.101580        19.033658        22.367568     5.00 1      91       3
       18.837942        33.279910        19.277200    29.39 1     139       2
       22.857516        39.244538        17.120694    38.67 1     236       2
       16.530000        39.950000        22.360000    51.00 0
           3
       -9.163700       -31.176300         7.630000     1.00 0
      -24.298997       -33.959002        16.162911    20.00 1      62       2
      -56.513700       -38.416300        23.470000    51.00 0
           2
       -5.843700       -27.476300         7.830000     1.00 0
       28.610000       -15.156300        33.930000    51.00 0
           5
       12.380000        34.030000        21.190000     1.00 0
        9.225905        39.394428        28.382897    11.50 1     170       1
        5.252184        45.387646        36.326291    27.33 1      67       2
       20.896505        58.315157        34.987113    47.50 1     289       3
       24.640000        61.770000        34.460000    51.00 0
           6
       15.080000        29.550000        20.440000     1.00 0
       13.225695        21.058761        20.253733     7.93 1      78       3
       11.881895        17.923254        22.449643    13.00 1     276       4
        7.255342         7.681381        30.416398    23.00 1      33       2
        5.734261        -0.816245        30.213303    34.00 1     207       1
        4.780000       -21.456300        19.910000    51.00 0
           5
       27.670000        -4.266300        29.380000     1.00 0
       23.566714        12.016742        22.214933    14.55 1     276       2
       20.771735        23.486682        19.395629    25.92 1     170       3
       18.409087        33.389745        17.598629    34.50 1     139       3
        6.190000        51.530000        16.700000    51.00 0
           7
       31.440000        -6.596300        31.460000     1.00 0
       35.513409        -7.833265        39.232675    12.28 1     131       4
       47.626745       -11.242908        48.847360    26.33 1     219       4
       50.466832       -12.585136        50.827363    30.67 1     219       1
       55.944257       -18.564355        52.249464    40.00 1     193       4
       58.130746       -21.967590        51.878040    45.00 1     187       1
       60.340000       -27.446300        48.510000    51.00 0
           6
        1.040000       -19.636300        10.070000     1.00 0
       -2.195942       -17.846210         6.924718     6.50 1     258       3
       -6.803173       -15.439063        -0.353859    16.50 1     183       2
      -10.222228       -14.038072        -9.076293    25.50 1     194       3
       -9.089177       -20.274253       -21.569260    38.33 1     278       6
      -12.693700       -26.426300       -33.961300    51.00 0
           4
        5.070000       -17.346300         8.070000     1.00 0
        3.960282       -17.279184        -0.995926    18.67 1     145       2
        9.639913       -17.002645         0.033141    29.00 1     246       2
      -10.913700        -6.626300        -7.251300    51.00 0
           4
      -18.713700       -29.666300        39.580000     1.00 0
      -24.415188       -52.966652        51.362690    22.50 1      60       1
      -24.997313       -58.831976        54.550945    29.00 1     166       3
      -14.583700       -79.772600        72.220000    51.00 0
           5
      -17.013700       -25.286300        37.270000     1.00 0
      -13.323085       -13.137593        30.253344    12.50 1     204       3
       -7.040091        -2.191554        14.305164    32.50 1     183       1
       -1.664079        -1.061412        -0.030344    46.56 1     270       2
        0.430000        -1.516300        -4.771300    51.00 0
           4
      -16.953700        -8.086300        -5.121300     1.00 0
       -1.664880        -1.061322        -0.027964    19.48 1     269       3
       -1.529508        -1.078769        -0.419590    26.13 1     269       4
        2.000000         1.210000        -8.391300    51.00 0
           4
      -21.813700        -8.816300        -6.821300     1.00 0
      -23.077418       -17.791467         9.521708    20.50 1      34       2
      -11.014028       -23.165940        12.157539    37.53 1     115       2
       -4.643700       -30.846300         4.460000    51.00 0
           5
        7.920000         0.140000        -9.171300     1.00 0
        3.417630        -6.797062       -11.329455    10.39 1     246       3
      -12.479846       -22.571812       -14.449339    34.15 1     225       2
      -10.362474       -25.099439        -7.896585    42.50 1     257       3
       -7.153700       -28.246300         0.400000    51.00 0
           4
        9.950000         4.770000        -8.531300     1.00 0
       18.452222        33.322596        -7.540037    28.13 1     205       1
       21.818324        35.550474        -7.193323    33.42 1     158       3
       38.410000        35.130000        -4.921300    51.00 0
           5
       -1.113700       -27.606300         0.130000     1.00 0
      -11.266481       -22.780912         7.185976    13.67 1      94       1
      -18.485887       -22.750876         5.308992    21.50 1     122       4
      -34.399429       -40.364250        -8.754383    48.50 1     188       1
      -37.563700       -44.056300        -8.481300    51.00 0
           7
        0.790000       -30.706300        -3.531300     1.00 0
        3.896475       -36.825951        -6.581318     8.50 1     278       2
        8.933841       -45.538128        -8.016584    17.00 1     103       3
        9.564278       -53.329961        -9.063758    23.67 1     253       3
        7.400089       -62.550772        -7.232368    32.50 1     254       2
        6.419075       -66.665546        -6.336888    37.00 1      51       1
        5.950000       -60.876300         4.390000    51.00 0
           7
       34.840000        24.570000        -1.561300     1.00 0
       28.796223        12.917748        17.397508    20.50 1      96       4
       22.599469        11.852358        23.104681    25.60 1     212       5
       14.163257        16.306060        25.881942    34.25 1     151       2
       11.906560        17.981141        22.406840    37.25 1     263       2
       10.943996        18.458771        20.256004    40.63 1      78       1
        7.340000        18.950000         8.730000    51.00 0
           5
       36.370000        22.300000        -5.881300     1.00 0
       33.808259        16.549328       -10.957690     7.50 1     105       1
       30.676658         8.924486       -17.604436    15.89 1      50       2
       54.371809        -9.088181       -20.320639    41.50 1     196       2
       64.330000       -15.636300       -24.131300    51.00 0
           7
        4.200000        24.180000         4.960000     1.00 0
        4.378349        32.347821        -0.173319    12.00 1     283       5
        3.894476        40.024694        -6.578918    21.33 1     275       1
        0.179306        43.409925       -12.402527    34.00 1     285       3
       -1.685283        45.933904       -14.456070    38.00 1     116       4
       -9.089156        56.570999       -21.570957    48.50 1     266       5
       -9.893700        57.770000       -22.271300    51.00 0
           2
       -0.003700        21.350000         3.910000     1.00 0
      -14.353700        35.770000        24.470000    51.00 0
           4
       -5.563700       -16.516300       -26.571300     1.00 0
      -10.598415        -7.562672       -28.110221    11.50 1      73       3
      -11.788016        14.400376       -44.836848    35.50 1     256       2
      -16.493700        31.340000       -55.491300    51.00 0
           4
       -3.613700       -19.646300       -30.281300     1.00 0
       28.579220       -36.343677       -42.611600    30.00 1     286       5
       32.653171       -46.013503       -33.812169    42.50 1       2       2
       22.080000       -47.536300       -29.241300    51.00 0
           3
      -19.543700        34.330000        18.150000     1.00 0
       -5.551785        38.370078        33.780339    22.50 1      64       2
       17.370000        27.890000        49.410000    51.00 0
           6
      -23.283700        31.010000        19.340000     1.00 0
      -23.549107        17.964422        10.353382    14.57 1     100       2
      -20.029346        16.874302         7.883086    17.71 1      22       2
       -1.442877        30.161084        -0.040363    40.00 1     250       3
        4.377806        32.349195        -0.174611    44.50 1     278       2
       12.820000        35.210000        -0.111300    51.00 0
           5
       14.080000        34.470000       -22.291300     1.00 0
       18.974187        53.624821        -9.475454    20.44 1     202       3
       18.954681        53.805262        -9.333072    23.62 1     119       2
       12.950070        44.389196        -2.267082    46.00 1     142       1
       14.100000        39.590000         0.860000    51.00 0
           5
       10.940000        33.010000       -22.451300     1.00 0
        6.334853        38.387451       -18.302998     7.50 1     140       3
        0.180673        43.410695       -12.402788    15.50 1     278       3
       -5.829511        44.419132        -5.458421    22.00 1      68       2
      -27.533700        44.070000        26.390000    51.00 0
           6
       22.920000        36.740000         7.470000     1.00 0
       29.835028        36.683137        15.971933     8.80 1     132       2
       32.639161        36.613754        19.704533    14.40 1      49       2
       29.111114        37.714471        31.497159    27.50 1      74       1
       28.578875        40.500765        38.361237    33.33 1     281       2
       45.700000        45.810000        28.450000    51.00 0
           5
       24.620000        36.330000         2.350000     1.00 0
       34.716666        32.530226        -2.049250    10.74 1     145       3
       27.645513        28.987014       -12.329288    31.00 1     154       2
       23.831226        27.200719       -18.225418    35.67 1     248       2
       19.680000        20.620000       -34.071300    51.00 0
           4
      -25.653700       -29.406300        36.270000     1.00 0
        1.010327       -54.898658        32.934359    32.50 1     293       2
        6.210221       -57.770597        34.696672    38.67 1      91       2
       19.320000       -59.506300        43.120000    51.00 0
           4
      -30.193700       -30.416300        38.010000     1.00 0
      -47.961089       -25.699522        35.842313    16.00 1     178       3
      -56.755846       -18.532220        34.986125    26.00 1     262       4
      -80.167400         5.250000        38.520000    51.00 0
           4
       27.900000        19.810000        37.730000     1.00 0
       49.608503        17.915261        32.339278    25.00 1      99       1
       66.504862        11.503985        32.146597    45.50 1     256       4
       71.460000         6.890000        36.370000    51.00 0
           3
       29.010000        25.940000        38.870000     1.00 0
       32.944621        48.385887        31.358851    23.67 1     186       2
        7.540000        29.910000        38.380000    51.00 0
           5
        1.530000        11.310000        36.150000     1.00 0
       -1.685882         5.031897        35.173439     8.50 1      76       3
       -3.077806        -3.575976        32.560626    17.00 1     190       4
       -7.452846         8.063186        35.293302    33.50 1     290       3
        2.720000        28.900000        40.210000    51.00 0
           6
       -1.413700        15.710000        36.210000     1.00 0
        1.011802        21.946558        32.935532     7.50 1     288       2
        9.049172        40.673702        21.099170    25.67 1     129       2
       10.625972        44.941699        17.041136    30.00 1     264       4
       11.203327        48.128411        12.407452    37.50 1     244       2
       -2.403700        53.910000         0.690000    51.00 0
           5
        9.990000        37.200000       -35.351300     1.00 0
       17.942176        37.856036       -27.955148    10.00 1     242       3
       25.266798        37.806271       -19.246118    18.50 1     248       2
       26.205782        37.871653       -15.493525    22.00 1       2       4
       -3.603700        53.280000        -4.421300    51.00 0
           5
        5.020000        37.390000       -37.061300     1.00 0
      -14.008534        36.849617       -41.634922    18.00 1     150       3
      -27.567429        36.311345       -45.687660    29.67 1     226       1
      -35.949214        35.805195       -47.954428    38.99 1      55       2
      -39.153700        40.150000       -35.681300    51.00 0
           4
      -13.853700       -19.336300        -1.581300     1.00 0
      -35.709237       -35.328727         8.478670    24.33 1      85       4
      -37.908714       -35.790118        19.704234    35.33 1     260       2
      -42.553700       -35.966300        41.260000    51.00 0
           5
      -11.313700       -14.716300        -0.621300     1.00 0
      -18.328777         8.754509         9.983753    22.50 1     165       2
      -19.062914        10.866276        11.091639    25.00 1      22       3
      -25.735582        -2.138166        15.512192    40.00 1     229       3
      -22.893700       -17.386300        16.280000    51.00 0
           4
       28.990000        37.650000       -29.661300     1.00 0
        9.162596        36.435501       -15.880858    19.33 1     103       4
      -14.096013        46.943323        10.799933    48.50 1     122       2
      -16.253700        48.920000        14.770000    51.00 0
           4
       33.070000       -36.096300       -28.811300     1.00 0
       43.672362       -32.605000        -2.527115    26.67 1      85       4
       52.142230       -44.773867        -3.131384    41.00 1     175       2
       58.080000       -57.176300        -5.241300    51.00 0
           7
      -16.563700       -24.346300        19.030000     1.00 0
      -16.859418       -16.938081        21.401877     6.00 1      59       3
      -16.864935       -16.796811        21.445622     7.50 1      59       3
      -14.774763         5.000758        17.997393    27.33 1     101       2
      -13.968496         6.048096        15.929108    30.67 1     125       1
      -13.222209         8.216435         7.581261    40.50 1     182       2
      -17.863700        15.050000        -3.761300    51.00 0
