# source hydrogel_1180c166f2e323e3e0efb9efd5931fbe
# gro /mnt/scratch/users/ass2009/Z1plus-code/isotropic_equilibration_gromacs_N51.gro
# polymer_residue PVA
# each block below is: chain_id chain_length followed by original .gro atom ids
1 51
1
4
8
11
14
18
21
24
28
31
34
38
41
44
48
51
54
58
61
64
68
71
74
78
81
84
88
91
94
98
101
104
108
111
114
118
121
124
128
131
134
138
141
144
148
151
154
158
161
164
168
2 51
171
174
178
181
184
188
191
194
198
201
204
208
211
214
218
221
224
228
231
234
238
241
244
248
251
254
258
261
264
268
271
274
278
281
284
288
291
294
298
301
304
308
311
314
318
321
324
328
331
334
338
3 51
341
344
348
351
354
358
361
364
368
371
374
378
381
384
388
391
394
398
401
404
408
411
414
418
421
424
428
431
434
438
441
444
448
451
454
458
461
464
468
471
474
478
481
484
488
491
494
498
501
504
508
4 51
511
514
518
521
524
528
531
534
538
541
544
548
551
554
558
561
564
568
571
574
578
581
584
588
591
594
598
601
604
608
611
614
618
621
624
628
631
634
638
641
644
648
651
654
658
661
664
668
671
674
678
5 51
681
684
688
691
694
698
701
704
708
711
714
718
721
724
728
731
734
738
741
744
748
751
754
758
761
764
768
771
774
778
781
784
788
791
794
798
801
804
808
811
814
818
821
824
828
831
834
838
841
844
848
6 51
851
854
858
861
864
868
871
874
878
881
884
888
891
894
898
901
904
908
911
914
918
921
924
928
931
934
938
941
944
948
951
954
958
961
964
968
971
974
978
981
984
988
991
994
998
1001
1004
1008
1011
1014
1018
7 51
1021
1024
1028
1031
1034
1038
1041
1044
1048
1051
1054
1058
1061
1064
1068
1071
1074
1078
1081
1084
1088
1091
1094
1098
1101
1104
1108
1111
1114
1118
1121
1124
1128
1131
1134
1138
1141
1144
1148
1151
1154
1158
1161
1164
1168
1171
1174
1178
1181
1184
1188
8 51
1191
1194
1198
1201
1204
1208
1211
1214
1218
1221
1224
1228
1231
1234
1238
1241
1244
1248
1251
1254
1258
1261
1264
1268
1271
1274
1278
1281
1284
1288
1291
1294
1298
1301
1304
1308
1311
1314
1318
1321
1324
1328
1331
1334
1338
1341
1344
1348
1351
1354
1358
9 51
1361
1364
1368
1371
1374
1378
1381
1384
1388
1391
1394
1398
1401
1404
1408
1411
1414
1418
1421
1424
1428
1431
1434
1438
1441
1444
1448
1451
1454
1458
1461
1464
1468
1471
1474
1478
1481
1484
1488
1491
1494
1498
1501
1504
1508
1511
1514
1518
1521
1524
1528
10 51
1531
1534
1538
1541
1544
1548
1551
1554
1558
1561
1564
1568
1571
1574
1578
1581
1584
1588
1591
1594
1598
1601
1604
1608
1611
1614
1618
1621
1624
1628
1631
1634
1638
1641
1644
1648
1651
1654
1658
1661
1664
1668
1671
1674
1678
1681
1684
1688
1691
1694
1698
11 51
1701
1704
1708
1711
1714
1718
1721
1724
1728
1731
1734
1738
1741
1744
1748
1751
1754
1758
1761
1764
1768
1771
1774
1778
1781
1784
1788
1791
1794
1798
1801
1804
1808
1811
1814
1818
1821
1824
1828
1831
1834
1838
1841
1844
1848
1851
1854
1858
1861
1864
1868
12 51
1871
1874
1878
1881
1884
1888
1891
1894
1898
1901
1904
1908
1911
1914
1918
1921
1924
1928
1931
1934
1938
1941
1944
1948
1951
1954
1958
1961
1964
1968
1971
1974
1978
1981
1984
1988
1991
1994
1998
2001
2004
2008
2011
2014
2018
2021
2024
2028
2031
2034
2038
13 51
2041
2044
2048
2051
2054
2058
2061
2064
2068
2071
2074
2078
2081
2084
2088
2091
2094
2098
2101
2104
2108
2111
2114
2118
2121
2124
2128
2131
2134
2138
2141
2144
2148
2151
2154
2158
2161
2164
2168
2171
2174
2178
2181
2184
2188
2191
2194
2198
2201
2204
2208
14 51
2211
2214
2218
2221
2224
2228
2231
2234
2238
2241
2244
2248
2251
2254
2258
2261
2264
2268
2271
2274
2278
2281
2284
2288
2291
2294
2298
2301
2304
2308
2311
2314
2318
2321
2324
2328
2331
2334
2338
2341
2344
2348
2351
2354
2358
2361
2364
2368
2371
2374
2378
15 51
2381
2384
2388
2391
2394
2398
2401
2404
2408
2411
2414
2418
2421
2424
2428
2431
2434
2438
2441
2444
2448
2451
2454
2458
2461
2464
2468
2471
2474
2478
2481
2484
2488
2491
2494
2498
2501
2504
2508
2511
2514
2518
2521
2524
2528
2531
2534
2538
2541
2544
2548
16 51
2551
2554
2558
2561
2564
2568
2571
2574
2578
2581
2584
2588
2591
2594
2598
2601
2604
2608
2611
2614
2618
2621
2624
2628
2631
2634
2638
2641
2644
2648
2651
2654
2658
2661
2664
2668
2671
2674
2678
2681
2684
2688
2691
2694
2698
2701
2704
2708
2711
2714
2718
17 51
2721
2724
2728
2731
2734
2738
2741
2744
2748
2751
2754
2758
2761
2764
2768
2771
2774
2778
2781
2784
2788
2791
2794
2798
2801
2804
2808
2811
2814
2818
2821
2824
2828
2831
2834
2838
2841
2844
2848
2851
2854
2858
2861
2864
2868
2871
2874
2878
2881
2884
2888
18 51
2891
2894
2898
2901
2904
2908
2911
2914
2918
2921
2924
2928
2931
2934
2938
2941
2944
2948
2951
2954
2958
2961
2964
2968
2971
2974
2978
2981
2984
2988
2991
2994
2998
3001
3004
3008
3011
3014
3018
3021
3024
3028
3031
3034
3038
3041
3044
3048
3051
3054
3058
19 51
3061
3064
3068
3071
3074
3078
3081
3084
3088
3091
3094
3098
3101
3104
3108
3111
3114
3118
3121
3124
3128
3131
3134
3138
3141
3144
3148
3151
3154
3158
3161
3164
3168
3171
3174
3178
3181
3184
3188
3191
3194
3198
3201
3204
3208
3211
3214
3218
3221
3224
3228
20 51
3231
3234
3238
3241
3244
3248
3251
3254
3258
3261
3264
3268
3271
3274
3278
3281
3284
3288
3291
3294
3298
3301
3304
3308
3311
3314
3318
3321
3324
3328
3331
3334
3338
3341
3344
3348
3351
3354
3358
3361
3364
3368
3371
3374
3378
3381
3384
3388
3391
3394
3398
21 51
3401
3404
3408
3411
3414
3418
3421
3424
3428
3431
3434
3438
3441
3444
3448
3451
3454
3458
3461
3464
3468
3471
3474
3478
3481
3484
3488
3491
3494
3498
3501
3504
3508
3511
3514
3518
3521
3524
3528
3531
3534
3538
3541
3544
3548
3551
3554
3558
3561
3564
3568
22 51
3571
3574
3578
3581
3584
3588
3591
3594
3598
3601
3604
3608
3611
3614
3618
3621
3624
3628
3631
3634
3638
3641
3644
3648
3651
3654
3658
3661
3664
3668
3671
3674
3678
3681
3684
3688
3691
3694
3698
3701
3704
3708
3711
3714
3718
3721
3724
3728
3731
3734
3738
23 51
3741
3744
3748
3751
3754
3758
3761
3764
3768
3771
3774
3778
3781
3784
3788
3791
3794
3798
3801
3804
3808
3811
3814
3818
3821
3824
3828
3831
3834
3838
3841
3844
3848
3851
3854
3858
3861
3864
3868
3871
3874
3878
3881
3884
3888
3891
3894
3898
3901
3904
3908
24 51
3911
3914
3918
3921
3924
3928
3931
3934
3938
3941
3944
3948
3951
3954
3958
3961
3964
3968
3971
3974
3978
3981
3984
3988
3991
3994
3998
4001
4004
4008
4011
4014
4018
4021
4024
4028
4031
4034
4038
4041
4044
4048
4051
4054
4058
4061
4064
4068
4071
4074
4078
25 51
4081
4084
4088
4091
4094
4098
4101
4104
4108
4111
4114
4118
4121
4124
4128
4131
4134
4138
4141
4144
4148
4151
4154
4158
4161
4164
4168
4171
4174
4178
4181
4184
4188
4191
4194
4198
4201
4204
4208
4211
4214
4218
4221
4224
4228
4231
4234
4238
4241
4244
4248
26 51
4251
4254
4258
4261
4264
4268
4271
4274
4278
4281
4284
4288
4291
4294
4298
4301
4304
4308
4311
4314
4318
4321
4324
4328
4331
4334
4338
4341
4344
4348
4351
4354
4358
4361
4364
4368
4371
4374
4378
4381
4384
4388
4391
4394
4398
4401
4404
4408
4411
4414
4418
27 51
4421
4424
4428
4431
4434
4438
4441
4444
4448
4451
4454
4458
4461
4464
4468
4471
4474
4478
4481
4484
4488
4491
4494
4498
4501
4504
4508
4511
4514
4518
4521
4524
4528
4531
4534
4538
4541
4544
4548
4551
4554
4558
4561
4564
4568
4571
4574
4578
4581
4584
4588
28 51
4591
4594
4598
4601
4604
4608
4611
4614
4618
4621
4624
4628
4631
4634
4638
4641
4644
4648
4651
4654
4658
4661
4664
4668
4671
4674
4678
4681
4684
4688
4691
4694
4698
4701
4704
4708
4711
4714
4718
4721
4724
4728
4731
4734
4738
4741
4744
4748
4751
4754
4758
29 51
4761
4764
4768
4771
4774
4778
4781
4784
4788
4791
4794
4798
4801
4804
4808
4811
4814
4818
4821
4824
4828
4831
4834
4838
4841
4844
4848
4851
4854
4858
4861
4864
4868
4871
4874
4878
4881
4884
4888
4891
4894
4898
4901
4904
4908
4911
4914
4918
4921
4924
4928
30 51
4931
4934
4938
4941
4944
4948
4951
4954
4958
4961
4964
4968
4971
4974
4978
4981
4984
4988
4991
4994
4998
5001
5004
5008
5011
5014
5018
5021
5024
5028
5031
5034
5038
5041
5044
5048
5051
5054
5058
5061
5064
5068
5071
5074
5078
5081
5084
5088
5091
5094
5098
31 51
5101
5104
5108
5111
5114
5118
5121
5124
5128
5131
5134
5138
5141
5144
5148
5151
5154
5158
5161
5164
5168
5171
5174
5178
5181
5184
5188
5191
5194
5198
5201
5204
5208
5211
5214
5218
5221
5224
5228
5231
5234
5238
5241
5244
5248
5251
5254
5258
5261
5264
5268
32 51
5271
5274
5278
5281
5284
5288
5291
5294
5298
5301
5304
5308
5311
5314
5318
5321
5324
5328
5331
5334
5338
5341
5344
5348
5351
5354
5358
5361
5364
5368
5371
5374
5378
5381
5384
5388
5391
5394
5398
5401
5404
5408
5411
5414
5418
5421
5424
5428
5431
5434
5438
33 51
5441
5444
5448
5451
5454
5458
5461
5464
5468
5471
5474
5478
5481
5484
5488
5491
5494
5498
5501
5504
5508
5511
5514
5518
5521
5524
5528
5531
5534
5538
5541
5544
5548
5551
5554
5558
5561
5564
5568
5571
5574
5578
5581
5584
5588
5591
5594
5598
5601
5604
5608
34 51
5611
5614
5618
5621
5624
5628
5631
5634
5638
5641
5644
5648
5651
5654
5658
5661
5664
5668
5671
5674
5678
5681
5684
5688
5691
5694
5698
5701
5704
5708
5711
5714
5718
5721
5724
5728
5731
5734
5738
5741
5744
5748
5751
5754
5758
5761
5764
5768
5771
5774
5778
35 51
5781
5784
5788
5791
5794
5798
5801
5804
5808
5811
5814
5818
5821
5824
5828
5831
5834
5838
5841
5844
5848
5851
5854
5858
5861
5864
5868
5871
5874
5878
5881
5884
5888
5891
5894
5898
5901
5904
5908
5911
5914
5918
5921
5924
5928
5931
5934
5938
5941
5944
5948
36 51
5951
5954
5958
5961
5964
5968
5971
5974
5978
5981
5984
5988
5991
5994
5998
6001
6004
6008
6011
6014
6018
6021
6024
6028
6031
6034
6038
6041
6044
6048
6051
6054
6058
6061
6064
6068
6071
6074
6078
6081
6084
6088
6091
6094
6098
6101
6104
6108
6111
6114
6118
37 51
6121
6124
6128
6131
6134
6138
6141
6144
6148
6151
6154
6158
6161
6164
6168
6171
6174
6178
6181
6184
6188
6191
6194
6198
6201
6204
6208
6211
6214
6218
6221
6224
6228
6231
6234
6238
6241
6244
6248
6251
6254
6258
6261
6264
6268
6271
6274
6278
6281
6284
6288
38 51
6291
6294
6298
6301
6304
6308
6311
6314
6318
6321
6324
6328
6331
6334
6338
6341
6344
6348
6351
6354
6358
6361
6364
6368
6371
6374
6378
6381
6384
6388
6391
6394
6398
6401
6404
6408
6411
6414
6418
6421
6424
6428
6431
6434
6438
6441
6444
6448
6451
6454
6458
39 51
6461
6464
6468
6471
6474
6478
6481
6484
6488
6491
6494
6498
6501
6504
6508
6511
6514
6518
6521
6524
6528
6531
6534
6538
6541
6544
6548
6551
6554
6558
6561
6564
6568
6571
6574
6578
6581
6584
6588
6591
6594
6598
6601
6604
6608
6611
6614
6618
6621
6624
6628
40 51
6631
6634
6638
6641
6644
6648
6651
6654
6658
6661
6664
6668
6671
6674
6678
6681
6684
6688
6691
6694
6698
6701
6704
6708
6711
6714
6718
6721
6724
6728
6731
6734
6738
6741
6744
6748
6751
6754
6758
6761
6764
6768
6771
6774
6778
6781
6784
6788
6791
6794
6798
41 51
6801
6804
6808
6811
6814
6818
6821
6824
6828
6831
6834
6838
6841
6844
6848
6851
6854
6858
6861
6864
6868
6871
6874
6878
6881
6884
6888
6891
6894
6898
6901
6904
6908
6911
6914
6918
6921
6924
6928
6931
6934
6938
6941
6944
6948
6951
6954
6958
6961
6964
6968
42 51
6971
6974
6978
6981
6984
6988
6991
6994
6998
7001
7004
7008
7011
7014
7018
7021
7024
7028
7031
7034
7038
7041
7044
7048
7051
7054
7058
7061
7064
7068
7071
7074
7078
7081
7084
7088
7091
7094
7098
7101
7104
7108
7111
7114
7118
7121
7124
7128
7131
7134
7138
43 51
7141
7144
7148
7151
7154
7158
7161
7164
7168
7171
7174
7178
7181
7184
7188
7191
7194
7198
7201
7204
7208
7211
7214
7218
7221
7224
7228
7231
7234
7238
7241
7244
7248
7251
7254
7258
7261
7264
7268
7271
7274
7278
7281
7284
7288
7291
7294
7298
7301
7304
7308
44 51
7311
7314
7318
7321
7324
7328
7331
7334
7338
7341
7344
7348
7351
7354
7358
7361
7364
7368
7371
7374
7378
7381
7384
7388
7391
7394
7398
7401
7404
7408
7411
7414
7418
7421
7424
7428
7431
7434
7438
7441
7444
7448
7451
7454
7458
7461
7464
7468
7471
7474
7478
45 51
7481
7484
7488
7491
7494
7498
7501
7504
7508
7511
7514
7518
7521
7524
7528
7531
7534
7538
7541
7544
7548
7551
7554
7558
7561
7564
7568
7571
7574
7578
7581
7584
7588
7591
7594
7598
7601
7604
7608
7611
7614
7618
7621
7624
7628
7631
7634
7638
7641
7644
7648
46 51
7651
7654
7658
7661
7664
7668
7671
7674
7678
7681
7684
7688
7691
7694
7698
7701
7704
7708
7711
7714
7718
7721
7724
7728
7731
7734
7738
7741
7744
7748
7751
7754
7758
7761
7764
7768
7771
7774
7778
7781
7784
7788
7791
7794
7798
7801
7804
7808
7811
7814
7818
47 51
7821
7824
7828
7831
7834
7838
7841
7844
7848
7851
7854
7858
7861
7864
7868
7871
7874
7878
7881
7884
7888
7891
7894
7898
7901
7904
7908
7911
7914
7918
7921
7924
7928
7931
7934
7938
7941
7944
7948
7951
7954
7958
7961
7964
7968
7971
7974
7978
7981
7984
7988
48 51
7991
7994
7998
8001
8004
8008
8011
8014
8018
8021
8024
8028
8031
8034
8038
8041
8044
8048
8051
8054
8058
8061
8064
8068
8071
8074
8078
8081
8084
8088
8091
8094
8098
8101
8104
8108
8111
8114
8118
8121
8124
8128
8131
8134
8138
8141
8144
8148
8151
8154
8158
49 51
8161
8164
8168
8171
8174
8178
8181
8184
8188
8191
8194
8198
8201
8204
8208
8211
8214
8218
8221
8224
8228
8231
8234
8238
8241
8244
8248
8251
8254
8258
8261
8264
8268
8271
8274
8278
8281
8284
8288
8291
8294
8298
8301
8304
8308
8311
8314
8318
8321
8324
8328
50 51
8331
8334
8338
8341
8344
8348
8351
8354
8358
8361
8364
8368
8371
8374
8378
8381
8384
8388
8391
8394
8398
8401
8404
8408
8411
8414
8418
8421
8424
8428
8431
8434
8438
8441
8444
8448
8451
8454
8458
8461
8464
8468
8471
8474
8478
8481
8484
8488
8491
8494
8498
51 51
8501
8504
8508
8511
8514
8518
8521
8524
8528
8531
8534
8538
8541
8544
8548
8551
8554
8558
8561
8564
8568
8571
8574
8578
8581
8584
8588
8591
8594
8598
8601
8604
8608
8611
8614
8618
8621
8624
8628
8631
8634
8638
8641
8644
8648
8651
8654
8658
8661
8664
8668
52 51
8671
8674
8678
8681
8684
8688
8691
8694
8698
8701
8704
8708
8711
8714
8718
8721
8724
8728
8731
8734
8738
8741
8744
8748
8751
8754
8758
8761
8764
8768
8771
8774
8778
8781
8784
8788
8791
8794
8798
8801
8804
8808
8811
8814
8818
8821
8824
8828
8831
8834
8838
53 51
8841
8844
8848
8851
8854
8858
8861
8864
8868
8871
8874
8878
8881
8884
8888
8891
8894
8898
8901
8904
8908
8911
8914
8918
8921
8924
8928
8931
8934
8938
8941
8944
8948
8951
8954
8958
8961
8964
8968
8971
8974
8978
8981
8984
8988
8991
8994
8998
9001
9004
9008
54 51
9011
9014
9018
9021
9024
9028
9031
9034
9038
9041
9044
9048
9051
9054
9058
9061
9064
9068
9071
9074
9078
9081
9084
9088
9091
9094
9098
9101
9104
9108
9111
9114
9118
9121
9124
9128
9131
9134
9138
9141
9144
9148
9151
9154
9158
9161
9164
9168
9171
9174
9178
55 51
9181
9184
9188
9191
9194
9198
9201
9204
9208
9211
9214
9218
9221
9224
9228
9231
9234
9238
9241
9244
9248
9251
9254
9258
9261
9264
9268
9271
9274
9278
9281
9284
9288
9291
9294
9298
9301
9304
9308
9311
9314
9318
9321
9324
9328
9331
9334
9338
9341
9344
9348
56 51
9351
9354
9358
9361
9364
9368
9371
9374
9378
9381
9384
9388
9391
9394
9398
9401
9404
9408
9411
9414
9418
9421
9424
9428
9431
9434
9438
9441
9444
9448
9451
9454
9458
9461
9464
9468
9471
9474
9478
9481
9484
9488
9491
9494
9498
9501
9504
9508
9511
9514
9518
57 51
9521
9524
9528
9531
9534
9538
9541
9544
9548
9551
9554
9558
9561
9564
9568
9571
9574
9578
9581
9584
9588
9591
9594
9598
9601
9604
9608
9611
9614
9618
9621
9624
9628
9631
9634
9638
9641
9644
9648
9651
9654
9658
9661
9664
9668
9671
9674
9678
9681
9684
9688
58 51
9691
9694
9698
9701
9704
9708
9711
9714
9718
9721
9724
9728
9731
9734
9738
9741
9744
9748
9751
9754
9758
9761
9764
9768
9771
9774
9778
9781
9784
9788
9791
9794
9798
9801
9804
9808
9811
9814
9818
9821
9824
9828
9831
9834
9838
9841
9844
9848
9851
9854
9858
59 51
9861
9864
9868
9871
9874
9878
9881
9884
9888
9891
9894
9898
9901
9904
9908
9911
9914
9918
9921
9924
9928
9931
9934
9938
9941
9944
9948
9951
9954
9958
9961
9964
9968
9971
9974
9978
9981
9984
9988
9991
9994
9998
10001
10004
10008
10011
10014
10018
10021
10024
10028
60 51
10031
10034
10038
10041
10044
10048
10051
10054
10058
10061
10064
10068
10071
10074
10078
10081
10084
10088
10091
10094
10098
10101
10104
10108
10111
10114
10118
10121
10124
10128
10131
10134
10138
10141
10144
10148
10151
10154
10158
10161
10164
10168
10171
10174
10178
10181
10184
10188
10191
10194
10198
61 51
10201
10204
10208
10211
10214
10218
10221
10224
10228
10231
10234
10238
10241
10244
10248
10251
10254
10258
10261
10264
10268
10271
10274
10278
10281
10284
10288
10291
10294
10298
10301
10304
10308
10311
10314
10318
10321
10324
10328
10331
10334
10338
10341
10344
10348
10351
10354
10358
10361
10364
10368
62 51
10371
10374
10378
10381
10384
10388
10391
10394
10398
10401
10404
10408
10411
10414
10418
10421
10424
10428
10431
10434
10438
10441
10444
10448
10451
10454
10458
10461
10464
10468
10471
10474
10478
10481
10484
10488
10491
10494
10498
10501
10504
10508
10511
10514
10518
10521
10524
10528
10531
10534
10538
63 51
10541
10544
10548
10551
10554
10558
10561
10564
10568
10571
10574
10578
10581
10584
10588
10591
10594
10598
10601
10604
10608
10611
10614
10618
10621
10624
10628
10631
10634
10638
10641
10644
10648
10651
10654
10658
10661
10664
10668
10671
10674
10678
10681
10684
10688
10691
10694
10698
10701
10704
10708
64 51
10711
10714
10718
10721
10724
10728
10731
10734
10738
10741
10744
10748
10751
10754
10758
10761
10764
10768
10771
10774
10778
10781
10784
10788
10791
10794
10798
10801
10804
10808
10811
10814
10818
10821
10824
10828
10831
10834
10838
10841
10844
10848
10851
10854
10858
10861
10864
10868
10871
10874
10878
65 51
10881
10884
10888
10891
10894
10898
10901
10904
10908
10911
10914
10918
10921
10924
10928
10931
10934
10938
10941
10944
10948
10951
10954
10958
10961
10964
10968
10971
10974
10978
10981
10984
10988
10991
10994
10998
11001
11004
11008
11011
11014
11018
11021
11024
11028
11031
11034
11038
11041
11044
11048
66 51
11051
11054
11058
11061
11064
11068
11071
11074
11078
11081
11084
11088
11091
11094
11098
11101
11104
11108
11111
11114
11118
11121
11124
11128
11131
11134
11138
11141
11144
11148
11151
11154
11158
11161
11164
11168
11171
11174
11178
11181
11184
11188
11191
11194
11198
11201
11204
11208
11211
11214
11218
67 51
11221
11224
11228
11231
11234
11238
11241
11244
11248
11251
11254
11258
11261
11264
11268
11271
11274
11278
11281
11284
11288
11291
11294
11298
11301
11304
11308
11311
11314
11318
11321
11324
11328
11331
11334
11338
11341
11344
11348
11351
11354
11358
11361
11364
11368
11371
11374
11378
11381
11384
11388
68 51
11391
11394
11398
11401
11404
11408
11411
11414
11418
11421
11424
11428
11431
11434
11438
11441
11444
11448
11451
11454
11458
11461
11464
11468
11471
11474
11478
11481
11484
11488
11491
11494
11498
11501
11504
11508
11511
11514
11518
11521
11524
11528
11531
11534
11538
11541
11544
11548
11551
11554
11558
69 51
11561
11564
11568
11571
11574
11578
11581
11584
11588
11591
11594
11598
11601
11604
11608
11611
11614
11618
11621
11624
11628
11631
11634
11638
11641
11644
11648
11651
11654
11658
11661
11664
11668
11671
11674
11678
11681
11684
11688
11691
11694
11698
11701
11704
11708
11711
11714
11718
11721
11724
11728
70 51
11731
11734
11738
11741
11744
11748
11751
11754
11758
11761
11764
11768
11771
11774
11778
11781
11784
11788
11791
11794
11798
11801
11804
11808
11811
11814
11818
11821
11824
11828
11831
11834
11838
11841
11844
11848
11851
11854
11858
11861
11864
11868
11871
11874
11878
11881
11884
11888
11891
11894
11898
71 51
11901
11904
11908
11911
11914
11918
11921
11924
11928
11931
11934
11938
11941
11944
11948
11951
11954
11958
11961
11964
11968
11971
11974
11978
11981
11984
11988
11991
11994
11998
12001
12004
12008
12011
12014
12018
12021
12024
12028
12031
12034
12038
12041
12044
12048
12051
12054
12058
12061
12064
12068
72 51
12071
12074
12078
12081
12084
12088
12091
12094
12098
12101
12104
12108
12111
12114
12118
12121
12124
12128
12131
12134
12138
12141
12144
12148
12151
12154
12158
12161
12164
12168
12171
12174
12178
12181
12184
12188
12191
12194
12198
12201
12204
12208
12211
12214
12218
12221
12224
12228
12231
12234
12238
73 51
12241
12244
12248
12251
12254
12258
12261
12264
12268
12271
12274
12278
12281
12284
12288
12291
12294
12298
12301
12304
12308
12311
12314
12318
12321
12324
12328
12331
12334
12338
12341
12344
12348
12351
12354
12358
12361
12364
12368
12371
12374
12378
12381
12384
12388
12391
12394
12398
12401
12404
12408
74 51
12411
12414
12418
12421
12424
12428
12431
12434
12438
12441
12444
12448
12451
12454
12458
12461
12464
12468
12471
12474
12478
12481
12484
12488
12491
12494
12498
12501
12504
12508
12511
12514
12518
12521
12524
12528
12531
12534
12538
12541
12544
12548
12551
12554
12558
12561
12564
12568
12571
12574
12578
75 51
12581
12584
12588
12591
12594
12598
12601
12604
12608
12611
12614
12618
12621
12624
12628
12631
12634
12638
12641
12644
12648
12651
12654
12658
12661
12664
12668
12671
12674
12678
12681
12684
12688
12691
12694
12698
12701
12704
12708
12711
12714
12718
12721
12724
12728
12731
12734
12738
12741
12744
12748
76 51
12751
12754
12758
12761
12764
12768
12771
12774
12778
12781
12784
12788
12791
12794
12798
12801
12804
12808
12811
12814
12818
12821
12824
12828
12831
12834
12838
12841
12844
12848
12851
12854
12858
12861
12864
12868
12871
12874
12878
12881
12884
12888
12891
12894
12898
12901
12904
12908
12911
12914
12918
77 51
12921
12924
12928
12931
12934
12938
12941
12944
12948
12951
12954
12958
12961
12964
12968
12971
12974
12978
12981
12984
12988
12991
12994
12998
13001
13004
13008
13011
13014
13018
13021
13024
13028
13031
13034
13038
13041
13044
13048
13051
13054
13058
13061
13064
13068
13071
13074
13078
13081
13084
13088
78 51
13091
13094
13098
13101
13104
13108
13111
13114
13118
13121
13124
13128
13131
13134
13138
13141
13144
13148
13151
13154
13158
13161
13164
13168
13171
13174
13178
13181
13184
13188
13191
13194
13198
13201
13204
13208
13211
13214
13218
13221
13224
13228
13231
13234
13238
13241
13244
13248
13251
13254
13258
79 51
13261
13264
13268
13271
13274
13278
13281
13284
13288
13291
13294
13298
13301
13304
13308
13311
13314
13318
13321
13324
13328
13331
13334
13338
13341
13344
13348
13351
13354
13358
13361
13364
13368
13371
13374
13378
13381
13384
13388
13391
13394
13398
13401
13404
13408
13411
13414
13418
13421
13424
13428
80 51
13431
13434
13438
13441
13444
13448
13451
13454
13458
13461
13464
13468
13471
13474
13478
13481
13484
13488
13491
13494
13498
13501
13504
13508
13511
13514
13518
13521
13524
13528
13531
13534
13538
13541
13544
13548
13551
13554
13558
13561
13564
13568
13571
13574
13578
13581
13584
13588
13591
13594
13598
81 51
13601
13604
13608
13611
13614
13618
13621
13624
13628
13631
13634
13638
13641
13644
13648
13651
13654
13658
13661
13664
13668
13671
13674
13678
13681
13684
13688
13691
13694
13698
13701
13704
13708
13711
13714
13718
13721
13724
13728
13731
13734
13738
13741
13744
13748
13751
13754
13758
13761
13764
13768
82 51
13771
13774
13778
13781
13784
13788
13791
13794
13798
13801
13804
13808
13811
13814
13818
13821
13824
13828
13831
13834
13838
13841
13844
13848
13851
13854
13858
13861
13864
13868
13871
13874
13878
13881
13884
13888
13891
13894
13898
13901
13904
13908
13911
13914
13918
13921
13924
13928
13931
13934
13938
83 51
13941
13944
13948
13951
13954
13958
13961
13964
13968
13971
13974
13978
13981
13984
13988
13991
13994
13998
14001
14004
14008
14011
14014
14018
14021
14024
14028
14031
14034
14038
14041
14044
14048
14051
14054
14058
14061
14064
14068
14071
14074
14078
14081
14084
14088
14091
14094
14098
14101
14104
14108
84 51
14111
14114
14118
14121
14124
14128
14131
14134
14138
14141
14144
14148
14151
14154
14158
14161
14164
14168
14171
14174
14178
14181
14184
14188
14191
14194
14198
14201
14204
14208
14211
14214
14218
14221
14224
14228
14231
14234
14238
14241
14244
14248
14251
14254
14258
14261
14264
14268
14271
14274
14278
85 51
14281
14284
14288
14291
14294
14298
14301
14304
14308
14311
14314
14318
14321
14324
14328
14331
14334
14338
14341
14344
14348
14351
14354
14358
14361
14364
14368
14371
14374
14378
14381
14384
14388
14391
14394
14398
14401
14404
14408
14411
14414
14418
14421
14424
14428
14431
14434
14438
14441
14444
14448
86 51
14451
14454
14458
14461
14464
14468
14471
14474
14478
14481
14484
14488
14491
14494
14498
14501
14504
14508
14511
14514
14518
14521
14524
14528
14531
14534
14538
14541
14544
14548
14551
14554
14558
14561
14564
14568
14571
14574
14578
14581
14584
14588
14591
14594
14598
14601
14604
14608
14611
14614
14618
87 51
14621
14624
14628
14631
14634
14638
14641
14644
14648
14651
14654
14658
14661
14664
14668
14671
14674
14678
14681
14684
14688
14691
14694
14698
14701
14704
14708
14711
14714
14718
14721
14724
14728
14731
14734
14738
14741
14744
14748
14751
14754
14758
14761
14764
14768
14771
14774
14778
14781
14784
14788
88 51
14791
14794
14798
14801
14804
14808
14811
14814
14818
14821
14824
14828
14831
14834
14838
14841
14844
14848
14851
14854
14858
14861
14864
14868
14871
14874
14878
14881
14884
14888
14891
14894
14898
14901
14904
14908
14911
14914
14918
14921
14924
14928
14931
14934
14938
14941
14944
14948
14951
14954
14958
89 51
14961
14964
14968
14971
14974
14978
14981
14984
14988
14991
14994
14998
15001
15004
15008
15011
15014
15018
15021
15024
15028
15031
15034
15038
15041
15044
15048
15051
15054
15058
15061
15064
15068
15071
15074
15078
15081
15084
15088
15091
15094
15098
15101
15104
15108
15111
15114
15118
15121
15124
15128
90 51
15131
15134
15138
15141
15144
15148
15151
15154
15158
15161
15164
15168
15171
15174
15178
15181
15184
15188
15191
15194
15198
15201
15204
15208
15211
15214
15218
15221
15224
15228
15231
15234
15238
15241
15244
15248
15251
15254
15258
15261
15264
15268
15271
15274
15278
15281
15284
15288
15291
15294
15298
91 51
15301
15304
15308
15311
15314
15318
15321
15324
15328
15331
15334
15338
15341
15344
15348
15351
15354
15358
15361
15364
15368
15371
15374
15378
15381
15384
15388
15391
15394
15398
15401
15404
15408
15411
15414
15418
15421
15424
15428
15431
15434
15438
15441
15444
15448
15451
15454
15458
15461
15464
15468
92 51
15471
15474
15478
15481
15484
15488
15491
15494
15498
15501
15504
15508
15511
15514
15518
15521
15524
15528
15531
15534
15538
15541
15544
15548
15551
15554
15558
15561
15564
15568
15571
15574
15578
15581
15584
15588
15591
15594
15598
15601
15604
15608
15611
15614
15618
15621
15624
15628
15631
15634
15638
93 51
15641
15644
15648
15651
15654
15658
15661
15664
15668
15671
15674
15678
15681
15684
15688
15691
15694
15698
15701
15704
15708
15711
15714
15718
15721
15724
15728
15731
15734
15738
15741
15744
15748
15751
15754
15758
15761
15764
15768
15771
15774
15778
15781
15784
15788
15791
15794
15798
15801
15804
15808
94 51
15811
15814
15818
15821
15824
15828
15831
15834
15838
15841
15844
15848
15851
15854
15858
15861
15864
15868
15871
15874
15878
15881
15884
15888
15891
15894
15898
15901
15904
15908
15911
15914
15918
15921
15924
15928
15931
15934
15938
15941
15944
15948
15951
15954
15958
15961
15964
15968
15971
15974
15978
95 51
15981
15984
15988
15991
15994
15998
16001
16004
16008
16011
16014
16018
16021
16024
16028
16031
16034
16038
16041
16044
16048
16051
16054
16058
16061
16064
16068
16071
16074
16078
16081
16084
16088
16091
16094
16098
16101
16104
16108
16111
16114
16118
16121
16124
16128
16131
16134
16138
16141
16144
16148
96 51
16151
16154
16158
16161
16164
16168
16171
16174
16178
16181
16184
16188
16191
16194
16198
16201
16204
16208
16211
16214
16218
16221
16224
16228
16231
16234
16238
16241
16244
16248
16251
16254
16258
16261
16264
16268
16271
16274
16278
16281
16284
16288
16291
16294
16298
16301
16304
16308
16311
16314
16318
97 51
16321
16324
16328
16331
16334
16338
16341
16344
16348
16351
16354
16358
16361
16364
16368
16371
16374
16378
16381
16384
16388
16391
16394
16398
16401
16404
16408
16411
16414
16418
16421
16424
16428
16431
16434
16438
16441
16444
16448
16451
16454
16458
16461
16464
16468
16471
16474
16478
16481
16484
16488
98 51
16491
16494
16498
16501
16504
16508
16511
16514
16518
16521
16524
16528
16531
16534
16538
16541
16544
16548
16551
16554
16558
16561
16564
16568
16571
16574
16578
16581
16584
16588
16591
16594
16598
16601
16604
16608
16611
16614
16618
16621
16624
16628
16631
16634
16638
16641
16644
16648
16651
16654
16658
99 51
16661
16664
16668
16671
16674
16678
16681
16684
16688
16691
16694
16698
16701
16704
16708
16711
16714
16718
16721
16724
16728
16731
16734
16738
16741
16744
16748
16751
16754
16758
16761
16764
16768
16771
16774
16778
16781
16784
16788
16791
16794
16798
16801
16804
16808
16811
16814
16818
16821
16824
16828
100 51
16831
16834
16838
16841
16844
16848
16851
16854
16858
16861
16864
16868
16871
16874
16878
16881
16884
16888
16891
16894
16898
16901
16904
16908
16911
16914
16918
16921
16924
16928
16931
16934
16938
16941
16944
16948
16951
16954
16958
16961
16964
16968
16971
16974
16978
16981
16984
16988
16991
16994
16998
101 51
17001
17004
17008
17011
17014
17018
17021
17024
17028
17031
17034
17038
17041
17044
17048
17051
17054
17058
17061
17064
17068
17071
17074
17078
17081
17084
17088
17091
17094
17098
17101
17104
17108
17111
17114
17118
17121
17124
17128
17131
17134
17138
17141
17144
17148
17151
17154
17158
17161
17164
17168
102 51
17171
17174
17178
17181
17184
17188
17191
17194
17198
17201
17204
17208
17211
17214
17218
17221
17224
17228
17231
17234
17238
17241
17244
17248
17251
17254
17258
17261
17264
17268
17271
17274
17278
17281
17284
17288
17291
17294
17298
17301
17304
17308
17311
17314
17318
17321
17324
17328
17331
17334
17338
103 51
17341
17344
17348
17351
17354
17358
17361
17364
17368
17371
17374
17378
17381
17384
17388
17391
17394
17398
17401
17404
17408
17411
17414
17418
17421
17424
17428
17431
17434
17438
17441
17444
17448
17451
17454
17458
17461
17464
17468
17471
17474
17478
17481
17484
17488
17491
17494
17498
17501
17504
17508
104 51
17511
17514
17518
17521
17524
17528
17531
17534
17538
17541
17544
17548
17551
17554
17558
17561
17564
17568
17571
17574
17578
17581
17584
17588
17591
17594
17598
17601
17604
17608
17611
17614
17618
17621
17624
17628
17631
17634
17638
17641
17644
17648
17651
17654
17658
17661
17664
17668
17671
17674
17678
105 51
17681
17684
17688
17691
17694
17698
17701
17704
17708
17711
17714
17718
17721
17724
17728
17731
17734
17738
17741
17744
17748
17751
17754
17758
17761
17764
17768
17771
17774
17778
17781
17784
17788
17791
17794
17798
17801
17804
17808
17811
17814
17818
17821
17824
17828
17831
17834
17838
17841
17844
17848
106 51
17851
17854
17858
17861
17864
17868
17871
17874
17878
17881
17884
17888
17891
17894
17898
17901
17904
17908
17911
17914
17918
17921
17924
17928
17931
17934
17938
17941
17944
17948
17951
17954
17958
17961
17964
17968
17971
17974
17978
17981
17984
17988
17991
17994
17998
18001
18004
18008
18011
18014
18018
107 51
18021
18024
18028
18031
18034
18038
18041
18044
18048
18051
18054
18058
18061
18064
18068
18071
18074
18078
18081
18084
18088
18091
18094
18098
18101
18104
18108
18111
18114
18118
18121
18124
18128
18131
18134
18138
18141
18144
18148
18151
18154
18158
18161
18164
18168
18171
18174
18178
18181
18184
18188
108 51
18191
18194
18198
18201
18204
18208
18211
18214
18218
18221
18224
18228
18231
18234
18238
18241
18244
18248
18251
18254
18258
18261
18264
18268
18271
18274
18278
18281
18284
18288
18291
18294
18298
18301
18304
18308
18311
18314
18318
18321
18324
18328
18331
18334
18338
18341
18344
18348
18351
18354
18358
109 51
18361
18364
18368
18371
18374
18378
18381
18384
18388
18391
18394
18398
18401
18404
18408
18411
18414
18418
18421
18424
18428
18431
18434
18438
18441
18444
18448
18451
18454
18458
18461
18464
18468
18471
18474
18478
18481
18484
18488
18491
18494
18498
18501
18504
18508
18511
18514
18518
18521
18524
18528
110 51
18531
18534
18538
18541
18544
18548
18551
18554
18558
18561
18564
18568
18571
18574
18578
18581
18584
18588
18591
18594
18598
18601
18604
18608
18611
18614
18618
18621
18624
18628
18631
18634
18638
18641
18644
18648
18651
18654
18658
18661
18664
18668
18671
18674
18678
18681
18684
18688
18691
18694
18698
111 51
18701
18704
18708
18711
18714
18718
18721
18724
18728
18731
18734
18738
18741
18744
18748
18751
18754
18758
18761
18764
18768
18771
18774
18778
18781
18784
18788
18791
18794
18798
18801
18804
18808
18811
18814
18818
18821
18824
18828
18831
18834
18838
18841
18844
18848
18851
18854
18858
18861
18864
18868
112 51
18871
18874
18878
18881
18884
18888
18891
18894
18898
18901
18904
18908
18911
18914
18918
18921
18924
18928
18931
18934
18938
18941
18944
18948
18951
18954
18958
18961
18964
18968
18971
18974
18978
18981
18984
18988
18991
18994
18998
19001
19004
19008
19011
19014
19018
19021
19024
19028
19031
19034
19038
113 51
19041
19044
19048
19051
19054
19058
19061
19064
19068
19071
19074
19078
19081
19084
19088
19091
19094
19098
19101
19104
19108
19111
19114
19118
19121
19124
19128
19131
19134
19138
19141
19144
19148
19151
19154
19158
19161
19164
19168
19171
19174
19178
19181
19184
19188
19191
19194
19198
19201
19204
19208
114 51
19211
19214
19218
19221
19224
19228
19231
19234
19238
19241
19244
19248
19251
19254
19258
19261
19264
19268
19271
19274
19278
19281
19284
19288
19291
19294
19298
19301
19304
19308
19311
19314
19318
19321
19324
19328
19331
19334
19338
19341
19344
19348
19351
19354
19358
19361
19364
19368
19371
19374
19378
115 51
19381
19384
19388
19391
19394
19398
19401
19404
19408
19411
19414
19418
19421
19424
19428
19431
19434
19438
19441
19444
19448
19451
19454
19458
19461
19464
19468
19471
19474
19478
19481
19484
19488
19491
19494
19498
19501
19504
19508
19511
19514
19518
19521
19524
19528
19531
19534
19538
19541
19544
19548
116 51
19551
19554
19558
19561
19564
19568
19571
19574
19578
19581
19584
19588
19591
19594
19598
19601
19604
19608
19611
19614
19618
19621
19624
19628
19631
19634
19638
19641
19644
19648
19651
19654
19658
19661
19664
19668
19671
19674
19678
19681
19684
19688
19691
19694
19698
19701
19704
19708
19711
19714
19718
117 51
19721
19724
19728
19731
19734
19738
19741
19744
19748
19751
19754
19758
19761
19764
19768
19771
19774
19778
19781
19784
19788
19791
19794
19798
19801
19804
19808
19811
19814
19818
19821
19824
19828
19831
19834
19838
19841
19844
19848
19851
19854
19858
19861
19864
19868
19871
19874
19878
19881
19884
19888
118 51
19891
19894
19898
19901
19904
19908
19911
19914
19918
19921
19924
19928
19931
19934
19938
19941
19944
19948
19951
19954
19958
19961
19964
19968
19971
19974
19978
19981
19984
19988
19991
19994
19998
20001
20004
20008
20011
20014
20018
20021
20024
20028
20031
20034
20038
20041
20044
20048
20051
20054
20058
119 51
20061
20064
20068
20071
20074
20078
20081
20084
20088
20091
20094
20098
20101
20104
20108
20111
20114
20118
20121
20124
20128
20131
20134
20138
20141
20144
20148
20151
20154
20158
20161
20164
20168
20171
20174
20178
20181
20184
20188
20191
20194
20198
20201
20204
20208
20211
20214
20218
20221
20224
20228
120 51
20231
20234
20238
20241
20244
20248
20251
20254
20258
20261
20264
20268
20271
20274
20278
20281
20284
20288
20291
20294
20298
20301
20304
20308
20311
20314
20318
20321
20324
20328
20331
20334
20338
20341
20344
20348
20351
20354
20358
20361
20364
20368
20371
20374
20378
20381
20384
20388
20391
20394
20398
121 51
20401
20404
20408
20411
20414
20418
20421
20424
20428
20431
20434
20438
20441
20444
20448
20451
20454
20458
20461
20464
20468
20471
20474
20478
20481
20484
20488
20491
20494
20498
20501
20504
20508
20511
20514
20518
20521
20524
20528
20531
20534
20538
20541
20544
20548
20551
20554
20558
20561
20564
20568
122 51
20571
20574
20578
20581
20584
20588
20591
20594
20598
20601
20604
20608
20611
20614
20618
20621
20624
20628
20631
20634
20638
20641
20644
20648
20651
20654
20658
20661
20664
20668
20671
20674
20678
20681
20684
20688
20691
20694
20698
20701
20704
20708
20711
20714
20718
20721
20724
20728
20731
20734
20738
123 51
20741
20744
20748
20751
20754
20758
20761
20764
20768
20771
20774
20778
20781
20784
20788
20791
20794
20798
20801
20804
20808
20811
20814
20818
20821
20824
20828
20831
20834
20838
20841
20844
20848
20851
20854
20858
20861
20864
20868
20871
20874
20878
20881
20884
20888
20891
20894
20898
20901
20904
20908
124 51
20911
20914
20918
20921
20924
20928
20931
20934
20938
20941
20944
20948
20951
20954
20958
20961
20964
20968
20971
20974
20978
20981
20984
20988
20991
20994
20998
21001
21004
21008
21011
21014
21018
21021
21024
21028
21031
21034
21038
21041
21044
21048
21051
21054
21058
21061
21064
21068
21071
21074
21078
125 51
21081
21084
21088
21091
21094
21098
21101
21104
21108
21111
21114
21118
21121
21124
21128
21131
21134
21138
21141
21144
21148
21151
21154
21158
21161
21164
21168
21171
21174
21178
21181
21184
21188
21191
21194
21198
21201
21204
21208
21211
21214
21218
21221
21224
21228
21231
21234
21238
21241
21244
21248
126 51
21251
21254
21258
21261
21264
21268
21271
21274
21278
21281
21284
21288
21291
21294
21298
21301
21304
21308
21311
21314
21318
21321
21324
21328
21331
21334
21338
21341
21344
21348
21351
21354
21358
21361
21364
21368
21371
21374
21378
21381
21384
21388
21391
21394
21398
21401
21404
21408
21411
21414
21418
127 51
21421
21424
21428
21431
21434
21438
21441
21444
21448
21451
21454
21458
21461
21464
21468
21471
21474
21478
21481
21484
21488
21491
21494
21498
21501
21504
21508
21511
21514
21518
21521
21524
21528
21531
21534
21538
21541
21544
21548
21551
21554
21558
21561
21564
21568
21571
21574
21578
21581
21584
21588
128 51
21591
21594
21598
21601
21604
21608
21611
21614
21618
21621
21624
21628
21631
21634
21638
21641
21644
21648
21651
21654
21658
21661
21664
21668
21671
21674
21678
21681
21684
21688
21691
21694
21698
21701
21704
21708
21711
21714
21718
21721
21724
21728
21731
21734
21738
21741
21744
21748
21751
21754
21758
129 51
21761
21764
21768
21771
21774
21778
21781
21784
21788
21791
21794
21798
21801
21804
21808
21811
21814
21818
21821
21824
21828
21831
21834
21838
21841
21844
21848
21851
21854
21858
21861
21864
21868
21871
21874
21878
21881
21884
21888
21891
21894
21898
21901
21904
21908
21911
21914
21918
21921
21924
21928
130 51
21931
21934
21938
21941
21944
21948
21951
21954
21958
21961
21964
21968
21971
21974
21978
21981
21984
21988
21991
21994
21998
22001
22004
22008
22011
22014
22018
22021
22024
22028
22031
22034
22038
22041
22044
22048
22051
22054
22058
22061
22064
22068
22071
22074
22078
22081
22084
22088
22091
22094
22098
131 51
22101
22104
22108
22111
22114
22118
22121
22124
22128
22131
22134
22138
22141
22144
22148
22151
22154
22158
22161
22164
22168
22171
22174
22178
22181
22184
22188
22191
22194
22198
22201
22204
22208
22211
22214
22218
22221
22224
22228
22231
22234
22238
22241
22244
22248
22251
22254
22258
22261
22264
22268
132 51
22271
22274
22278
22281
22284
22288
22291
22294
22298
22301
22304
22308
22311
22314
22318
22321
22324
22328
22331
22334
22338
22341
22344
22348
22351
22354
22358
22361
22364
22368
22371
22374
22378
22381
22384
22388
22391
22394
22398
22401
22404
22408
22411
22414
22418
22421
22424
22428
22431
22434
22438
133 51
22441
22444
22448
22451
22454
22458
22461
22464
22468
22471
22474
22478
22481
22484
22488
22491
22494
22498
22501
22504
22508
22511
22514
22518
22521
22524
22528
22531
22534
22538
22541
22544
22548
22551
22554
22558
22561
22564
22568
22571
22574
22578
22581
22584
22588
22591
22594
22598
22601
22604
22608
134 51
22611
22614
22618
22621
22624
22628
22631
22634
22638
22641
22644
22648
22651
22654
22658
22661
22664
22668
22671
22674
22678
22681
22684
22688
22691
22694
22698
22701
22704
22708
22711
22714
22718
22721
22724
22728
22731
22734
22738
22741
22744
22748
22751
22754
22758
22761
22764
22768
22771
22774
22778
135 51
22781
22784
22788
22791
22794
22798
22801
22804
22808
22811
22814
22818
22821
22824
22828
22831
22834
22838
22841
22844
22848
22851
22854
22858
22861
22864
22868
22871
22874
22878
22881
22884
22888
22891
22894
22898
22901
22904
22908
22911
22914
22918
22921
22924
22928
22931
22934
22938
22941
22944
22948
136 51
22951
22954
22958
22961
22964
22968
22971
22974
22978
22981
22984
22988
22991
22994
22998
23001
23004
23008
23011
23014
23018
23021
23024
23028
23031
23034
23038
23041
23044
23048
23051
23054
23058
23061
23064
23068
23071
23074
23078
23081
23084
23088
23091
23094
23098
23101
23104
23108
23111
23114
23118
137 51
23121
23124
23128
23131
23134
23138
23141
23144
23148
23151
23154
23158
23161
23164
23168
23171
23174
23178
23181
23184
23188
23191
23194
23198
23201
23204
23208
23211
23214
23218
23221
23224
23228
23231
23234
23238
23241
23244
23248
23251
23254
23258
23261
23264
23268
23271
23274
23278
23281
23284
23288
138 51
23291
23294
23298
23301
23304
23308
23311
23314
23318
23321
23324
23328
23331
23334
23338
23341
23344
23348
23351
23354
23358
23361
23364
23368
23371
23374
23378
23381
23384
23388
23391
23394
23398
23401
23404
23408
23411
23414
23418
23421
23424
23428
23431
23434
23438
23441
23444
23448
23451
23454
23458
139 51
23461
23464
23468
23471
23474
23478
23481
23484
23488
23491
23494
23498
23501
23504
23508
23511
23514
23518
23521
23524
23528
23531
23534
23538
23541
23544
23548
23551
23554
23558
23561
23564
23568
23571
23574
23578
23581
23584
23588
23591
23594
23598
23601
23604
23608
23611
23614
23618
23621
23624
23628
140 51
23631
23634
23638
23641
23644
23648
23651
23654
23658
23661
23664
23668
23671
23674
23678
23681
23684
23688
23691
23694
23698
23701
23704
23708
23711
23714
23718
23721
23724
23728
23731
23734
23738
23741
23744
23748
23751
23754
23758
23761
23764
23768
23771
23774
23778
23781
23784
23788
23791
23794
23798
141 51
23801
23804
23808
23811
23814
23818
23821
23824
23828
23831
23834
23838
23841
23844
23848
23851
23854
23858
23861
23864
23868
23871
23874
23878
23881
23884
23888
23891
23894
23898
23901
23904
23908
23911
23914
23918
23921
23924
23928
23931
23934
23938
23941
23944
23948
23951
23954
23958
23961
23964
23968
142 51
23971
23974
23978
23981
23984
23988
23991
23994
23998
24001
24004
24008
24011
24014
24018
24021
24024
24028
24031
24034
24038
24041
24044
24048
24051
24054
24058
24061
24064
24068
24071
24074
24078
24081
24084
24088
24091
24094
24098
24101
24104
24108
24111
24114
24118
24121
24124
24128
24131
24134
24138
143 51
24141
24144
24148
24151
24154
24158
24161
24164
24168
24171
24174
24178
24181
24184
24188
24191
24194
24198
24201
24204
24208
24211
24214
24218
24221
24224
24228
24231
24234
24238
24241
24244
24248
24251
24254
24258
24261
24264
24268
24271
24274
24278
24281
24284
24288
24291
24294
24298
24301
24304
24308
144 51
24311
24314
24318
24321
24324
24328
24331
24334
24338
24341
24344
24348
24351
24354
24358
24361
24364
24368
24371
24374
24378
24381
24384
24388
24391
24394
24398
24401
24404
24408
24411
24414
24418
24421
24424
24428
24431
24434
24438
24441
24444
24448
24451
24454
24458
24461
24464
24468
24471
24474
24478
145 51
24481
24484
24488
24491
24494
24498
24501
24504
24508
24511
24514
24518
24521
24524
24528
24531
24534
24538
24541
24544
24548
24551
24554
24558
24561
24564
24568
24571
24574
24578
24581
24584
24588
24591
24594
24598
24601
24604
24608
24611
24614
24618
24621
24624
24628
24631
24634
24638
24641
24644
24648
146 51
24651
24654
24658
24661
24664
24668
24671
24674
24678
24681
24684
24688
24691
24694
24698
24701
24704
24708
24711
24714
24718
24721
24724
24728
24731
24734
24738
24741
24744
24748
24751
24754
24758
24761
24764
24768
24771
24774
24778
24781
24784
24788
24791
24794
24798
24801
24804
24808
24811
24814
24818
147 51
24821
24824
24828
24831
24834
24838
24841
24844
24848
24851
24854
24858
24861
24864
24868
24871
24874
24878
24881
24884
24888
24891
24894
24898
24901
24904
24908
24911
24914
24918
24921
24924
24928
24931
24934
24938
24941
24944
24948
24951
24954
24958
24961
24964
24968
24971
24974
24978
24981
24984
24988
148 51
24991
24994
24998
25001
25004
25008
25011
25014
25018
25021
25024
25028
25031
25034
25038
25041
25044
25048
25051
25054
25058
25061
25064
25068
25071
25074
25078
25081
25084
25088
25091
25094
25098
25101
25104
25108
25111
25114
25118
25121
25124
25128
25131
25134
25138
25141
25144
25148
25151
25154
25158
149 51
25161
25164
25168
25171
25174
25178
25181
25184
25188
25191
25194
25198
25201
25204
25208
25211
25214
25218
25221
25224
25228
25231
25234
25238
25241
25244
25248
25251
25254
25258
25261
25264
25268
25271
25274
25278
25281
25284
25288
25291
25294
25298
25301
25304
25308
25311
25314
25318
25321
25324
25328
150 51
25331
25334
25338
25341
25344
25348
25351
25354
25358
25361
25364
25368
25371
25374
25378
25381
25384
25388
25391
25394
25398
25401
25404
25408
25411
25414
25418
25421
25424
25428
25431
25434
25438
25441
25444
25448
25451
25454
25458
25461
25464
25468
25471
25474
25478
25481
25484
25488
25491
25494
25498
151 51
25501
25504
25508
25511
25514
25518
25521
25524
25528
25531
25534
25538
25541
25544
25548
25551
25554
25558
25561
25564
25568
25571
25574
25578
25581
25584
25588
25591
25594
25598
25601
25604
25608
25611
25614
25618
25621
25624
25628
25631
25634
25638
25641
25644
25648
25651
25654
25658
25661
25664
25668
152 51
25671
25674
25678
25681
25684
25688
25691
25694
25698
25701
25704
25708
25711
25714
25718
25721
25724
25728
25731
25734
25738
25741
25744
25748
25751
25754
25758
25761
25764
25768
25771
25774
25778
25781
25784
25788
25791
25794
25798
25801
25804
25808
25811
25814
25818
25821
25824
25828
25831
25834
25838
153 51
25841
25844
25848
25851
25854
25858
25861
25864
25868
25871
25874
25878
25881
25884
25888
25891
25894
25898
25901
25904
25908
25911
25914
25918
25921
25924
25928
25931
25934
25938
25941
25944
25948
25951
25954
25958
25961
25964
25968
25971
25974
25978
25981
25984
25988
25991
25994
25998
26001
26004
26008
154 51
26011
26014
26018
26021
26024
26028
26031
26034
26038
26041
26044
26048
26051
26054
26058
26061
26064
26068
26071
26074
26078
26081
26084
26088
26091
26094
26098
26101
26104
26108
26111
26114
26118
26121
26124
26128
26131
26134
26138
26141
26144
26148
26151
26154
26158
26161
26164
26168
26171
26174
26178
155 51
26181
26184
26188
26191
26194
26198
26201
26204
26208
26211
26214
26218
26221
26224
26228
26231
26234
26238
26241
26244
26248
26251
26254
26258
26261
26264
26268
26271
26274
26278
26281
26284
26288
26291
26294
26298
26301
26304
26308
26311
26314
26318
26321
26324
26328
26331
26334
26338
26341
26344
26348
156 51
26351
26354
26358
26361
26364
26368
26371
26374
26378
26381
26384
26388
26391
26394
26398
26401
26404
26408
26411
26414
26418
26421
26424
26428
26431
26434
26438
26441
26444
26448
26451
26454
26458
26461
26464
26468
26471
26474
26478
26481
26484
26488
26491
26494
26498
26501
26504
26508
26511
26514
26518
157 51
26521
26524
26528
26531
26534
26538
26541
26544
26548
26551
26554
26558
26561
26564
26568
26571
26574
26578
26581
26584
26588
26591
26594
26598
26601
26604
26608
26611
26614
26618
26621
26624
26628
26631
26634
26638
26641
26644
26648
26651
26654
26658
26661
26664
26668
26671
26674
26678
26681
26684
26688
158 51
26691
26694
26698
26701
26704
26708
26711
26714
26718
26721
26724
26728
26731
26734
26738
26741
26744
26748
26751
26754
26758
26761
26764
26768
26771
26774
26778
26781
26784
26788
26791
26794
26798
26801
26804
26808
26811
26814
26818
26821
26824
26828
26831
26834
26838
26841
26844
26848
26851
26854
26858
159 51
26861
26864
26868
26871
26874
26878
26881
26884
26888
26891
26894
26898
26901
26904
26908
26911
26914
26918
26921
26924
26928
26931
26934
26938
26941
26944
26948
26951
26954
26958
26961
26964
26968
26971
26974
26978
26981
26984
26988
26991
26994
26998
27001
27004
27008
27011
27014
27018
27021
27024
27028
160 51
27031
27034
27038
27041
27044
27048
27051
27054
27058
27061
27064
27068
27071
27074
27078
27081
27084
27088
27091
27094
27098
27101
27104
27108
27111
27114
27118
27121
27124
27128
27131
27134
27138
27141
27144
27148
27151
27154
27158
27161
27164
27168
27171
27174
27178
27181
27184
27188
27191
27194
27198
161 51
27201
27204
27208
27211
27214
27218
27221
27224
27228
27231
27234
27238
27241
27244
27248
27251
27254
27258
27261
27264
27268
27271
27274
27278
27281
27284
27288
27291
27294
27298
27301
27304
27308
27311
27314
27318
27321
27324
27328
27331
27334
27338
27341
27344
27348
27351
27354
27358
27361
27364
27368
162 51
27371
27374
27378
27381
27384
27388
27391
27394
27398
27401
27404
27408
27411
27414
27418
27421
27424
27428
27431
27434
27438
27441
27444
27448
27451
27454
27458
27461
27464
27468
27471
27474
27478
27481
27484
27488
27491
27494
27498
27501
27504
27508
27511
27514
27518
27521
27524
27528
27531
27534
27538
163 51
27541
27544
27548
27551
27554
27558
27561
27564
27568
27571
27574
27578
27581
27584
27588
27591
27594
27598
27601
27604
27608
27611
27614
27618
27621
27624
27628
27631
27634
27638
27641
27644
27648
27651
27654
27658
27661
27664
27668
27671
27674
27678
27681
27684
27688
27691
27694
27698
27701
27704
27708
164 51
27711
27714
27718
27721
27724
27728
27731
27734
27738
27741
27744
27748
27751
27754
27758
27761
27764
27768
27771
27774
27778
27781
27784
27788
27791
27794
27798
27801
27804
27808
27811
27814
27818
27821
27824
27828
27831
27834
27838
27841
27844
27848
27851
27854
27858
27861
27864
27868
27871
27874
27878
165 51
27881
27884
27888
27891
27894
27898
27901
27904
27908
27911
27914
27918
27921
27924
27928
27931
27934
27938
27941
27944
27948
27951
27954
27958
27961
27964
27968
27971
27974
27978
27981
27984
27988
27991
27994
27998
28001
28004
28008
28011
28014
28018
28021
28024
28028
28031
28034
28038
28041
28044
28048
166 51
28051
28054
28058
28061
28064
28068
28071
28074
28078
28081
28084
28088
28091
28094
28098
28101
28104
28108
28111
28114
28118
28121
28124
28128
28131
28134
28138
28141
28144
28148
28151
28154
28158
28161
28164
28168
28171
28174
28178
28181
28184
28188
28191
28194
28198
28201
28204
28208
28211
28214
28218
167 51
28221
28224
28228
28231
28234
28238
28241
28244
28248
28251
28254
28258
28261
28264
28268
28271
28274
28278
28281
28284
28288
28291
28294
28298
28301
28304
28308
28311
28314
28318
28321
28324
28328
28331
28334
28338
28341
28344
28348
28351
28354
28358
28361
28364
28368
28371
28374
28378
28381
28384
28388
168 51
28391
28394
28398
28401
28404
28408
28411
28414
28418
28421
28424
28428
28431
28434
28438
28441
28444
28448
28451
28454
28458
28461
28464
28468
28471
28474
28478
28481
28484
28488
28491
28494
28498
28501
28504
28508
28511
28514
28518
28521
28524
28528
28531
28534
28538
28541
28544
28548
28551
28554
28558
169 51
28561
28564
28568
28571
28574
28578
28581
28584
28588
28591
28594
28598
28601
28604
28608
28611
28614
28618
28621
28624
28628
28631
28634
28638
28641
28644
28648
28651
28654
28658
28661
28664
28668
28671
28674
28678
28681
28684
28688
28691
28694
28698
28701
28704
28708
28711
28714
28718
28721
28724
28728
170 51
28731
28734
28738
28741
28744
28748
28751
28754
28758
28761
28764
28768
28771
28774
28778
28781
28784
28788
28791
28794
28798
28801
28804
28808
28811
28814
28818
28821
28824
28828
28831
28834
28838
28841
28844
28848
28851
28854
28858
28861
28864
28868
28871
28874
28878
28881
28884
28888
28891
28894
28898
171 51
28901
28904
28908
28911
28914
28918
28921
28924
28928
28931
28934
28938
28941
28944
28948
28951
28954
28958
28961
28964
28968
28971
28974
28978
28981
28984
28988
28991
28994
28998
29001
29004
29008
29011
29014
29018
29021
29024
29028
29031
29034
29038
29041
29044
29048
29051
29054
29058
29061
29064
29068
172 51
29071
29074
29078
29081
29084
29088
29091
29094
29098
29101
29104
29108
29111
29114
29118
29121
29124
29128
29131
29134
29138
29141
29144
29148
29151
29154
29158
29161
29164
29168
29171
29174
29178
29181
29184
29188
29191
29194
29198
29201
29204
29208
29211
29214
29218
29221
29224
29228
29231
29234
29238
173 51
29241
29244
29248
29251
29254
29258
29261
29264
29268
29271
29274
29278
29281
29284
29288
29291
29294
29298
29301
29304
29308
29311
29314
29318
29321
29324
29328
29331
29334
29338
29341
29344
29348
29351
29354
29358
29361
29364
29368
29371
29374
29378
29381
29384
29388
29391
29394
29398
29401
29404
29408
174 51
29411
29414
29418
29421
29424
29428
29431
29434
29438
29441
29444
29448
29451
29454
29458
29461
29464
29468
29471
29474
29478
29481
29484
29488
29491
29494
29498
29501
29504
29508
29511
29514
29518
29521
29524
29528
29531
29534
29538
29541
29544
29548
29551
29554
29558
29561
29564
29568
29571
29574
29578
175 51
29581
29584
29588
29591
29594
29598
29601
29604
29608
29611
29614
29618
29621
29624
29628
29631
29634
29638
29641
29644
29648
29651
29654
29658
29661
29664
29668
29671
29674
29678
29681
29684
29688
29691
29694
29698
29701
29704
29708
29711
29714
29718
29721
29724
29728
29731
29734
29738
29741
29744
29748
176 51
29751
29754
29758
29761
29764
29768
29771
29774
29778
29781
29784
29788
29791
29794
29798
29801
29804
29808
29811
29814
29818
29821
29824
29828
29831
29834
29838
29841
29844
29848
29851
29854
29858
29861
29864
29868
29871
29874
29878
29881
29884
29888
29891
29894
29898
29901
29904
29908
29911
29914
29918
177 51
29921
29924
29928
29931
29934
29938
29941
29944
29948
29951
29954
29958
29961
29964
29968
29971
29974
29978
29981
29984
29988
29991
29994
29998
30001
30004
30008
30011
30014
30018
30021
30024
30028
30031
30034
30038
30041
30044
30048
30051
30054
30058
30061
30064
30068
30071
30074
30078
30081
30084
30088
178 51
30091
30094
30098
30101
30104
30108
30111
30114
30118
30121
30124
30128
30131
30134
30138
30141
30144
30148
30151
30154
30158
30161
30164
30168
30171
30174
30178
30181
30184
30188
30191
30194
30198
30201
30204
30208
30211
30214
30218
30221
30224
30228
30231
30234
30238
30241
30244
30248
30251
30254
30258
179 51
30261
30264
30268
30271
30274
30278
30281
30284
30288
30291
30294
30298
30301
30304
30308
30311
30314
30318
30321
30324
30328
30331
30334
30338
30341
30344
30348
30351
30354
30358
30361
30364
30368
30371
30374
30378
30381
30384
30388
30391
30394
30398
30401
30404
30408
30411
30414
30418
30421
30424
30428
180 51
30431
30434
30438
30441
30444
30448
30451
30454
30458
30461
30464
30468
30471
30474
30478
30481
30484
30488
30491
30494
30498
30501
30504
30508
30511
30514
30518
30521
30524
30528
30531
30534
30538
30541
30544
30548
30551
30554
30558
30561
30564
30568
30571
30574
30578
30581
30584
30588
30591
30594
30598
181 51
30601
30604
30608
30611
30614
30618
30621
30624
30628
30631
30634
30638
30641
30644
30648
30651
30654
30658
30661
30664
30668
30671
30674
30678
30681
30684
30688
30691
30694
30698
30701
30704
30708
30711
30714
30718
30721
30724
30728
30731
30734
30738
30741
30744
30748
30751
30754
30758
30761
30764
30768
182 51
30771
30774
30778
30781
30784
30788
30791
30794
30798
30801
30804
30808
30811
30814
30818
30821
30824
30828
30831
30834
30838
30841
30844
30848
30851
30854
30858
30861
30864
30868
30871
30874
30878
30881
30884
30888
30891
30894
30898
30901
30904
30908
30911
30914
30918
30921
30924
30928
30931
30934
30938
183 51
30941
30944
30948
30951
30954
30958
30961
30964
30968
30971
30974
30978
30981
30984
30988
30991
30994
30998
31001
31004
31008
31011
31014
31018
31021
31024
31028
31031
31034
31038
31041
31044
31048
31051
31054
31058
31061
31064
31068
31071
31074
31078
31081
31084
31088
31091
31094
31098
31101
31104
31108
184 51
31111
31114
31118
31121
31124
31128
31131
31134
31138
31141
31144
31148
31151
31154
31158
31161
31164
31168
31171
31174
31178
31181
31184
31188
31191
31194
31198
31201
31204
31208
31211
31214
31218
31221
31224
31228
31231
31234
31238
31241
31244
31248
31251
31254
31258
31261
31264
31268
31271
31274
31278
185 51
31281
31284
31288
31291
31294
31298
31301
31304
31308
31311
31314
31318
31321
31324
31328
31331
31334
31338
31341
31344
31348
31351
31354
31358
31361
31364
31368
31371
31374
31378
31381
31384
31388
31391
31394
31398
31401
31404
31408
31411
31414
31418
31421
31424
31428
31431
31434
31438
31441
31444
31448
186 51
31451
31454
31458
31461
31464
31468
31471
31474
31478
31481
31484
31488
31491
31494
31498
31501
31504
31508
31511
31514
31518
31521
31524
31528
31531
31534
31538
31541
31544
31548
31551
31554
31558
31561
31564
31568
31571
31574
31578
31581
31584
31588
31591
31594
31598
31601
31604
31608
31611
31614
31618
187 51
31621
31624
31628
31631
31634
31638
31641
31644
31648
31651
31654
31658
31661
31664
31668
31671
31674
31678
31681
31684
31688
31691
31694
31698
31701
31704
31708
31711
31714
31718
31721
31724
31728
31731
31734
31738
31741
31744
31748
31751
31754
31758
31761
31764
31768
31771
31774
31778
31781
31784
31788
188 51
31791
31794
31798
31801
31804
31808
31811
31814
31818
31821
31824
31828
31831
31834
31838
31841
31844
31848
31851
31854
31858
31861
31864
31868
31871
31874
31878
31881
31884
31888
31891
31894
31898
31901
31904
31908
31911
31914
31918
31921
31924
31928
31931
31934
31938
31941
31944
31948
31951
31954
31958
189 51
31961
31964
31968
31971
31974
31978
31981
31984
31988
31991
31994
31998
32001
32004
32008
32011
32014
32018
32021
32024
32028
32031
32034
32038
32041
32044
32048
32051
32054
32058
32061
32064
32068
32071
32074
32078
32081
32084
32088
32091
32094
32098
32101
32104
32108
32111
32114
32118
32121
32124
32128
190 51
32131
32134
32138
32141
32144
32148
32151
32154
32158
32161
32164
32168
32171
32174
32178
32181
32184
32188
32191
32194
32198
32201
32204
32208
32211
32214
32218
32221
32224
32228
32231
32234
32238
32241
32244
32248
32251
32254
32258
32261
32264
32268
32271
32274
32278
32281
32284
32288
32291
32294
32298
191 51
32301
32304
32308
32311
32314
32318
32321
32324
32328
32331
32334
32338
32341
32344
32348
32351
32354
32358
32361
32364
32368
32371
32374
32378
32381
32384
32388
32391
32394
32398
32401
32404
32408
32411
32414
32418
32421
32424
32428
32431
32434
32438
32441
32444
32448
32451
32454
32458
32461
32464
32468
192 51
32471
32474
32478
32481
32484
32488
32491
32494
32498
32501
32504
32508
32511
32514
32518
32521
32524
32528
32531
32534
32538
32541
32544
32548
32551
32554
32558
32561
32564
32568
32571
32574
32578
32581
32584
32588
32591
32594
32598
32601
32604
32608
32611
32614
32618
32621
32624
32628
32631
32634
32638
193 51
32641
32644
32648
32651
32654
32658
32661
32664
32668
32671
32674
32678
32681
32684
32688
32691
32694
32698
32701
32704
32708
32711
32714
32718
32721
32724
32728
32731
32734
32738
32741
32744
32748
32751
32754
32758
32761
32764
32768
32771
32774
32778
32781
32784
32788
32791
32794
32798
32801
32804
32808
194 51
32811
32814
32818
32821
32824
32828
32831
32834
32838
32841
32844
32848
32851
32854
32858
32861
32864
32868
32871
32874
32878
32881
32884
32888
32891
32894
32898
32901
32904
32908
32911
32914
32918
32921
32924
32928
32931
32934
32938
32941
32944
32948
32951
32954
32958
32961
32964
32968
32971
32974
32978
195 51
32981
32984
32988
32991
32994
32998
33001
33004
33008
33011
33014
33018
33021
33024
33028
33031
33034
33038
33041
33044
33048
33051
33054
33058
33061
33064
33068
33071
33074
33078
33081
33084
33088
33091
33094
33098
33101
33104
33108
33111
33114
33118
33121
33124
33128
33131
33134
33138
33141
33144
33148
196 51
33151
33154
33158
33161
33164
33168
33171
33174
33178
33181
33184
33188
33191
33194
33198
33201
33204
33208
33211
33214
33218
33221
33224
33228
33231
33234
33238
33241
33244
33248
33251
33254
33258
33261
33264
33268
33271
33274
33278
33281
33284
33288
33291
33294
33298
33301
33304
33308
33311
33314
33318
197 51
33321
33324
33328
33331
33334
33338
33341
33344
33348
33351
33354
33358
33361
33364
33368
33371
33374
33378
33381
33384
33388
33391
33394
33398
33401
33404
33408
33411
33414
33418
33421
33424
33428
33431
33434
33438
33441
33444
33448
33451
33454
33458
33461
33464
33468
33471
33474
33478
33481
33484
33488
198 51
33491
33494
33498
33501
33504
33508
33511
33514
33518
33521
33524
33528
33531
33534
33538
33541
33544
33548
33551
33554
33558
33561
33564
33568
33571
33574
33578
33581
33584
33588
33591
33594
33598
33601
33604
33608
33611
33614
33618
33621
33624
33628
33631
33634
33638
33641
33644
33648
33651
33654
33658
199 51
33661
33664
33668
33671
33674
33678
33681
33684
33688
33691
33694
33698
33701
33704
33708
33711
33714
33718
33721
33724
33728
33731
33734
33738
33741
33744
33748
33751
33754
33758
33761
33764
33768
33771
33774
33778
33781
33784
33788
33791
33794
33798
33801
33804
33808
33811
33814
33818
33821
33824
33828
200 51
33831
33834
33838
33841
33844
33848
33851
33854
33858
33861
33864
33868
33871
33874
33878
33881
33884
33888
33891
33894
33898
33901
33904
33908
33911
33914
33918
33921
33924
33928
33931
33934
33938
33941
33944
33948
33951
33954
33958
33961
33964
33968
33971
33974
33978
33981
33984
33988
33991
33994
33998
201 51
34001
34004
34008
34011
34014
34018
34021
34024
34028
34031
34034
34038
34041
34044
34048
34051
34054
34058
34061
34064
34068
34071
34074
34078
34081
34084
34088
34091
34094
34098
34101
34104
34108
34111
34114
34118
34121
34124
34128
34131
34134
34138
34141
34144
34148
34151
34154
34158
34161
34164
34168
202 51
34171
34174
34178
34181
34184
34188
34191
34194
34198
34201
34204
34208
34211
34214
34218
34221
34224
34228
34231
34234
34238
34241
34244
34248
34251
34254
34258
34261
34264
34268
34271
34274
34278
34281
34284
34288
34291
34294
34298
34301
34304
34308
34311
34314
34318
34321
34324
34328
34331
34334
34338
203 51
34341
34344
34348
34351
34354
34358
34361
34364
34368
34371
34374
34378
34381
34384
34388
34391
34394
34398
34401
34404
34408
34411
34414
34418
34421
34424
34428
34431
34434
34438
34441
34444
34448
34451
34454
34458
34461
34464
34468
34471
34474
34478
34481
34484
34488
34491
34494
34498
34501
34504
34508
204 51
34511
34514
34518
34521
34524
34528
34531
34534
34538
34541
34544
34548
34551
34554
34558
34561
34564
34568
34571
34574
34578
34581
34584
34588
34591
34594
34598
34601
34604
34608
34611
34614
34618
34621
34624
34628
34631
34634
34638
34641
34644
34648
34651
34654
34658
34661
34664
34668
34671
34674
34678
205 51
34681
34684
34688
34691
34694
34698
34701
34704
34708
34711
34714
34718
34721
34724
34728
34731
34734
34738
34741
34744
34748
34751
34754
34758
34761
34764
34768
34771
34774
34778
34781
34784
34788
34791
34794
34798
34801
34804
34808
34811
34814
34818
34821
34824
34828
34831
34834
34838
34841
34844
34848
206 51
34851
34854
34858
34861
34864
34868
34871
34874
34878
34881
34884
34888
34891
34894
34898
34901
34904
34908
34911
34914
34918
34921
34924
34928
34931
34934
34938
34941
34944
34948
34951
34954
34958
34961
34964
34968
34971
34974
34978
34981
34984
34988
34991
34994
34998
35001
35004
35008
35011
35014
35018
207 51
35021
35024
35028
35031
35034
35038
35041
35044
35048
35051
35054
35058
35061
35064
35068
35071
35074
35078
35081
35084
35088
35091
35094
35098
35101
35104
35108
35111
35114
35118
35121
35124
35128
35131
35134
35138
35141
35144
35148
35151
35154
35158
35161
35164
35168
35171
35174
35178
35181
35184
35188
208 51
35191
35194
35198
35201
35204
35208
35211
35214
35218
35221
35224
35228
35231
35234
35238
35241
35244
35248
35251
35254
35258
35261
35264
35268
35271
35274
35278
35281
35284
35288
35291
35294
35298
35301
35304
35308
35311
35314
35318
35321
35324
35328
35331
35334
35338
35341
35344
35348
35351
35354
35358
209 51
35361
35364
35368
35371
35374
35378
35381
35384
35388
35391
35394
35398
35401
35404
35408
35411
35414
35418
35421
35424
35428
35431
35434
35438
35441
35444
35448
35451
35454
35458
35461
35464
35468
35471
35474
35478
35481
35484
35488
35491
35494
35498
35501
35504
35508
35511
35514
35518
35521
35524
35528
210 51
35531
35534
35538
35541
35544
35548
35551
35554
35558
35561
35564
35568
35571
35574
35578
35581
35584
35588
35591
35594
35598
35601
35604
35608
35611
35614
35618
35621
35624
35628
35631
35634
35638
35641
35644
35648
35651
35654
35658
35661
35664
35668
35671
35674
35678
35681
35684
35688
35691
35694
35698
211 51
35701
35704
35708
35711
35714
35718
35721
35724
35728
35731
35734
35738
35741
35744
35748
35751
35754
35758
35761
35764
35768
35771
35774
35778
35781
35784
35788
35791
35794
35798
35801
35804
35808
35811
35814
35818
35821
35824
35828
35831
35834
35838
35841
35844
35848
35851
35854
35858
35861
35864
35868
212 51
35871
35874
35878
35881
35884
35888
35891
35894
35898
35901
35904
35908
35911
35914
35918
35921
35924
35928
35931
35934
35938
35941
35944
35948
35951
35954
35958
35961
35964
35968
35971
35974
35978
35981
35984
35988
35991
35994
35998
36001
36004
36008
36011
36014
36018
36021
36024
36028
36031
36034
36038
213 51
36041
36044
36048
36051
36054
36058
36061
36064
36068
36071
36074
36078
36081
36084
36088
36091
36094
36098
36101
36104
36108
36111
36114
36118
36121
36124
36128
36131
36134
36138
36141
36144
36148
36151
36154
36158
36161
36164
36168
36171
36174
36178
36181
36184
36188
36191
36194
36198
36201
36204
36208
214 51
36211
36214
36218
36221
36224
36228
36231
36234
36238
36241
36244
36248
36251
36254
36258
36261
36264
36268
36271
36274
36278
36281
36284
36288
36291
36294
36298
36301
36304
36308
36311
36314
36318
36321
36324
36328
36331
36334
36338
36341
36344
36348
36351
36354
36358
36361
36364
36368
36371
36374
36378
215 51
36381
36384
36388
36391
36394
36398
36401
36404
36408
36411
36414
36418
36421
36424
36428
36431
36434
36438
36441
36444
36448
36451
36454
36458
36461
36464
36468
36471
36474
36478
36481
36484
36488
36491
36494
36498
36501
36504
36508
36511
36514
36518
36521
36524
36528
36531
36534
36538
36541
36544
36548
216 51
36551
36554
36558
36561
36564
36568
36571
36574
36578
36581
36584
36588
36591
36594
36598
36601
36604
36608
36611
36614
36618
36621
36624
36628
36631
36634
36638
36641
36644
36648
36651
36654
36658
36661
36664
36668
36671
36674
36678
36681
36684
36688
36691
36694
36698
36701
36704
36708
36711
36714
36718
217 51
36721
36724
36728
36731
36734
36738
36741
36744
36748
36751
36754
36758
36761
36764
36768
36771
36774
36778
36781
36784
36788
36791
36794
36798
36801
36804
36808
36811
36814
36818
36821
36824
36828
36831
36834
36838
36841
36844
36848
36851
36854
36858
36861
36864
36868
36871
36874
36878
36881
36884
36888
218 51
36891
36894
36898
36901
36904
36908
36911
36914
36918
36921
36924
36928
36931
36934
36938
36941
36944
36948
36951
36954
36958
36961
36964
36968
36971
36974
36978
36981
36984
36988
36991
36994
36998
37001
37004
37008
37011
37014
37018
37021
37024
37028
37031
37034
37038
37041
37044
37048
37051
37054
37058
219 51
37061
37064
37068
37071
37074
37078
37081
37084
37088
37091
37094
37098
37101
37104
37108
37111
37114
37118
37121
37124
37128
37131
37134
37138
37141
37144
37148
37151
37154
37158
37161
37164
37168
37171
37174
37178
37181
37184
37188
37191
37194
37198
37201
37204
37208
37211
37214
37218
37221
37224
37228
220 51
37231
37234
37238
37241
37244
37248
37251
37254
37258
37261
37264
37268
37271
37274
37278
37281
37284
37288
37291
37294
37298
37301
37304
37308
37311
37314
37318
37321
37324
37328
37331
37334
37338
37341
37344
37348
37351
37354
37358
37361
37364
37368
37371
37374
37378
37381
37384
37388
37391
37394
37398
221 51
37401
37404
37408
37411
37414
37418
37421
37424
37428
37431
37434
37438
37441
37444
37448
37451
37454
37458
37461
37464
37468
37471
37474
37478
37481
37484
37488
37491
37494
37498
37501
37504
37508
37511
37514
37518
37521
37524
37528
37531
37534
37538
37541
37544
37548
37551
37554
37558
37561
37564
37568
222 51
37571
37574
37578
37581
37584
37588
37591
37594
37598
37601
37604
37608
37611
37614
37618
37621
37624
37628
37631
37634
37638
37641
37644
37648
37651
37654
37658
37661
37664
37668
37671
37674
37678
37681
37684
37688
37691
37694
37698
37701
37704
37708
37711
37714
37718
37721
37724
37728
37731
37734
37738
223 51
37741
37744
37748
37751
37754
37758
37761
37764
37768
37771
37774
37778
37781
37784
37788
37791
37794
37798
37801
37804
37808
37811
37814
37818
37821
37824
37828
37831
37834
37838
37841
37844
37848
37851
37854
37858
37861
37864
37868
37871
37874
37878
37881
37884
37888
37891
37894
37898
37901
37904
37908
224 51
37911
37914
37918
37921
37924
37928
37931
37934
37938
37941
37944
37948
37951
37954
37958
37961
37964
37968
37971
37974
37978
37981
37984
37988
37991
37994
37998
38001
38004
38008
38011
38014
38018
38021
38024
38028
38031
38034
38038
38041
38044
38048
38051
38054
38058
38061
38064
38068
38071
38074
38078
225 51
38081
38084
38088
38091
38094
38098
38101
38104
38108
38111
38114
38118
38121
38124
38128
38131
38134
38138
38141
38144
38148
38151
38154
38158
38161
38164
38168
38171
38174
38178
38181
38184
38188
38191
38194
38198
38201
38204
38208
38211
38214
38218
38221
38224
38228
38231
38234
38238
38241
38244
38248
226 51
38251
38254
38258
38261
38264
38268
38271
38274
38278
38281
38284
38288
38291
38294
38298
38301
38304
38308
38311
38314
38318
38321
38324
38328
38331
38334
38338
38341
38344
38348
38351
38354
38358
38361
38364
38368
38371
38374
38378
38381
38384
38388
38391
38394
38398
38401
38404
38408
38411
38414
38418
227 51
38421
38424
38428
38431
38434
38438
38441
38444
38448
38451
38454
38458
38461
38464
38468
38471
38474
38478
38481
38484
38488
38491
38494
38498
38501
38504
38508
38511
38514
38518
38521
38524
38528
38531
38534
38538
38541
38544
38548
38551
38554
38558
38561
38564
38568
38571
38574
38578
38581
38584
38588
228 51
38591
38594
38598
38601
38604
38608
38611
38614
38618
38621
38624
38628
38631
38634
38638
38641
38644
38648
38651
38654
38658
38661
38664
38668
38671
38674
38678
38681
38684
38688
38691
38694
38698
38701
38704
38708
38711
38714
38718
38721
38724
38728
38731
38734
38738
38741
38744
38748
38751
38754
38758
229 51
38761
38764
38768
38771
38774
38778
38781
38784
38788
38791
38794
38798
38801
38804
38808
38811
38814
38818
38821
38824
38828
38831
38834
38838
38841
38844
38848
38851
38854
38858
38861
38864
38868
38871
38874
38878
38881
38884
38888
38891
38894
38898
38901
38904
38908
38911
38914
38918
38921
38924
38928
230 51
38931
38934
38938
38941
38944
38948
38951
38954
38958
38961
38964
38968
38971
38974
38978
38981
38984
38988
38991
38994
38998
39001
39004
39008
39011
39014
39018
39021
39024
39028
39031
39034
39038
39041
39044
39048
39051
39054
39058
39061
39064
39068
39071
39074
39078
39081
39084
39088
39091
39094
39098
231 51
39101
39104
39108
39111
39114
39118
39121
39124
39128
39131
39134
39138
39141
39144
39148
39151
39154
39158
39161
39164
39168
39171
39174
39178
39181
39184
39188
39191
39194
39198
39201
39204
39208
39211
39214
39218
39221
39224
39228
39231
39234
39238
39241
39244
39248
39251
39254
39258
39261
39264
39268
232 51
39271
39274
39278
39281
39284
39288
39291
39294
39298
39301
39304
39308
39311
39314
39318
39321
39324
39328
39331
39334
39338
39341
39344
39348
39351
39354
39358
39361
39364
39368
39371
39374
39378
39381
39384
39388
39391
39394
39398
39401
39404
39408
39411
39414
39418
39421
39424
39428
39431
39434
39438
233 51
39441
39444
39448
39451
39454
39458
39461
39464
39468
39471
39474
39478
39481
39484
39488
39491
39494
39498
39501
39504
39508
39511
39514
39518
39521
39524
39528
39531
39534
39538
39541
39544
39548
39551
39554
39558
39561
39564
39568
39571
39574
39578
39581
39584
39588
39591
39594
39598
39601
39604
39608
234 51
39611
39614
39618
39621
39624
39628
39631
39634
39638
39641
39644
39648
39651
39654
39658
39661
39664
39668
39671
39674
39678
39681
39684
39688
39691
39694
39698
39701
39704
39708
39711
39714
39718
39721
39724
39728
39731
39734
39738
39741
39744
39748
39751
39754
39758
39761
39764
39768
39771
39774
39778
235 51
39781
39784
39788
39791
39794
39798
39801
39804
39808
39811
39814
39818
39821
39824
39828
39831
39834
39838
39841
39844
39848
39851
39854
39858
39861
39864
39868
39871
39874
39878
39881
39884
39888
39891
39894
39898
39901
39904
39908
39911
39914
39918
39921
39924
39928
39931
39934
39938
39941
39944
39948
236 51
39951
39954
39958
39961
39964
39968
39971
39974
39978
39981
39984
39988
39991
39994
39998
40001
40004
40008
40011
40014
40018
40021
40024
40028
40031
40034
40038
40041
40044
40048
40051
40054
40058
40061
40064
40068
40071
40074
40078
40081
40084
40088
40091
40094
40098
40101
40104
40108
40111
40114
40118
237 51
40121
40124
40128
40131
40134
40138
40141
40144
40148
40151
40154
40158
40161
40164
40168
40171
40174
40178
40181
40184
40188
40191
40194
40198
40201
40204
40208
40211
40214
40218
40221
40224
40228
40231
40234
40238
40241
40244
40248
40251
40254
40258
40261
40264
40268
40271
40274
40278
40281
40284
40288
238 51
40291
40294
40298
40301
40304
40308
40311
40314
40318
40321
40324
40328
40331
40334
40338
40341
40344
40348
40351
40354
40358
40361
40364
40368
40371
40374
40378
40381
40384
40388
40391
40394
40398
40401
40404
40408
40411
40414
40418
40421
40424
40428
40431
40434
40438
40441
40444
40448
40451
40454
40458
239 51
40461
40464
40468
40471
40474
40478
40481
40484
40488
40491
40494
40498
40501
40504
40508
40511
40514
40518
40521
40524
40528
40531
40534
40538
40541
40544
40548
40551
40554
40558
40561
40564
40568
40571
40574
40578
40581
40584
40588
40591
40594
40598
40601
40604
40608
40611
40614
40618
40621
40624
40628
240 51
40631
40634
40638
40641
40644
40648
40651
40654
40658
40661
40664
40668
40671
40674
40678
40681
40684
40688
40691
40694
40698
40701
40704
40708
40711
40714
40718
40721
40724
40728
40731
40734
40738
40741
40744
40748
40751
40754
40758
40761
40764
40768
40771
40774
40778
40781
40784
40788
40791
40794
40798
241 51
40801
40804
40808
40811
40814
40818
40821
40824
40828
40831
40834
40838
40841
40844
40848
40851
40854
40858
40861
40864
40868
40871
40874
40878
40881
40884
40888
40891
40894
40898
40901
40904
40908
40911
40914
40918
40921
40924
40928
40931
40934
40938
40941
40944
40948
40951
40954
40958
40961
40964
40968
242 51
40971
40974
40978
40981
40984
40988
40991
40994
40998
41001
41004
41008
41011
41014
41018
41021
41024
41028
41031
41034
41038
41041
41044
41048
41051
41054
41058
41061
41064
41068
41071
41074
41078
41081
41084
41088
41091
41094
41098
41101
41104
41108
41111
41114
41118
41121
41124
41128
41131
41134
41138
243 51
41141
41144
41148
41151
41154
41158
41161
41164
41168
41171
41174
41178
41181
41184
41188
41191
41194
41198
41201
41204
41208
41211
41214
41218
41221
41224
41228
41231
41234
41238
41241
41244
41248
41251
41254
41258
41261
41264
41268
41271
41274
41278
41281
41284
41288
41291
41294
41298
41301
41304
41308
244 51
41311
41314
41318
41321
41324
41328
41331
41334
41338
41341
41344
41348
41351
41354
41358
41361
41364
41368
41371
41374
41378
41381
41384
41388
41391
41394
41398
41401
41404
41408
41411
41414
41418
41421
41424
41428
41431
41434
41438
41441
41444
41448
41451
41454
41458
41461
41464
41468
41471
41474
41478
245 51
41481
41484
41488
41491
41494
41498
41501
41504
41508
41511
41514
41518
41521
41524
41528
41531
41534
41538
41541
41544
41548
41551
41554
41558
41561
41564
41568
41571
41574
41578
41581
41584
41588
41591
41594
41598
41601
41604
41608
41611
41614
41618
41621
41624
41628
41631
41634
41638
41641
41644
41648
246 51
41651
41654
41658
41661
41664
41668
41671
41674
41678
41681
41684
41688
41691
41694
41698
41701
41704
41708
41711
41714
41718
41721
41724
41728
41731
41734
41738
41741
41744
41748
41751
41754
41758
41761
41764
41768
41771
41774
41778
41781
41784
41788
41791
41794
41798
41801
41804
41808
41811
41814
41818
247 51
41821
41824
41828
41831
41834
41838
41841
41844
41848
41851
41854
41858
41861
41864
41868
41871
41874
41878
41881
41884
41888
41891
41894
41898
41901
41904
41908
41911
41914
41918
41921
41924
41928
41931
41934
41938
41941
41944
41948
41951
41954
41958
41961
41964
41968
41971
41974
41978
41981
41984
41988
248 51
41991
41994
41998
42001
42004
42008
42011
42014
42018
42021
42024
42028
42031
42034
42038
42041
42044
42048
42051
42054
42058
42061
42064
42068
42071
42074
42078
42081
42084
42088
42091
42094
42098
42101
42104
42108
42111
42114
42118
42121
42124
42128
42131
42134
42138
42141
42144
42148
42151
42154
42158
249 51
42161
42164
42168
42171
42174
42178
42181
42184
42188
42191
42194
42198
42201
42204
42208
42211
42214
42218
42221
42224
42228
42231
42234
42238
42241
42244
42248
42251
42254
42258
42261
42264
42268
42271
42274
42278
42281
42284
42288
42291
42294
42298
42301
42304
42308
42311
42314
42318
42321
42324
42328
250 51
42331
42334
42338
42341
42344
42348
42351
42354
42358
42361
42364
42368
42371
42374
42378
42381
42384
42388
42391
42394
42398
42401
42404
42408
42411
42414
42418
42421
42424
42428
42431
42434
42438
42441
42444
42448
42451
42454
42458
42461
42464
42468
42471
42474
42478
42481
42484
42488
42491
42494
42498
251 51
42501
42504
42508
42511
42514
42518
42521
42524
42528
42531
42534
42538
42541
42544
42548
42551
42554
42558
42561
42564
42568
42571
42574
42578
42581
42584
42588
42591
42594
42598
42601
42604
42608
42611
42614
42618
42621
42624
42628
42631
42634
42638
42641
42644
42648
42651
42654
42658
42661
42664
42668
252 51
42671
42674
42678
42681
42684
42688
42691
42694
42698
42701
42704
42708
42711
42714
42718
42721
42724
42728
42731
42734
42738
42741
42744
42748
42751
42754
42758
42761
42764
42768
42771
42774
42778
42781
42784
42788
42791
42794
42798
42801
42804
42808
42811
42814
42818
42821
42824
42828
42831
42834
42838
253 51
42841
42844
42848
42851
42854
42858
42861
42864
42868
42871
42874
42878
42881
42884
42888
42891
42894
42898
42901
42904
42908
42911
42914
42918
42921
42924
42928
42931
42934
42938
42941
42944
42948
42951
42954
42958
42961
42964
42968
42971
42974
42978
42981
42984
42988
42991
42994
42998
43001
43004
43008
254 51
43011
43014
43018
43021
43024
43028
43031
43034
43038
43041
43044
43048
43051
43054
43058
43061
43064
43068
43071
43074
43078
43081
43084
43088
43091
43094
43098
43101
43104
43108
43111
43114
43118
43121
43124
43128
43131
43134
43138
43141
43144
43148
43151
43154
43158
43161
43164
43168
43171
43174
43178
255 51
43181
43184
43188
43191
43194
43198
43201
43204
43208
43211
43214
43218
43221
43224
43228
43231
43234
43238
43241
43244
43248
43251
43254
43258
43261
43264
43268
43271
43274
43278
43281
43284
43288
43291
43294
43298
43301
43304
43308
43311
43314
43318
43321
43324
43328
43331
43334
43338
43341
43344
43348
256 51
43351
43354
43358
43361
43364
43368
43371
43374
43378
43381
43384
43388
43391
43394
43398
43401
43404
43408
43411
43414
43418
43421
43424
43428
43431
43434
43438
43441
43444
43448
43451
43454
43458
43461
43464
43468
43471
43474
43478
43481
43484
43488
43491
43494
43498
43501
43504
43508
43511
43514
43518
257 51
43521
43524
43528
43531
43534
43538
43541
43544
43548
43551
43554
43558
43561
43564
43568
43571
43574
43578
43581
43584
43588
43591
43594
43598
43601
43604
43608
43611
43614
43618
43621
43624
43628
43631
43634
43638
43641
43644
43648
43651
43654
43658
43661
43664
43668
43671
43674
43678
43681
43684
43688
258 51
43691
43694
43698
43701
43704
43708
43711
43714
43718
43721
43724
43728
43731
43734
43738
43741
43744
43748
43751
43754
43758
43761
43764
43768
43771
43774
43778
43781
43784
43788
43791
43794
43798
43801
43804
43808
43811
43814
43818
43821
43824
43828
43831
43834
43838
43841
43844
43848
43851
43854
43858
259 51
43861
43864
43868
43871
43874
43878
43881
43884
43888
43891
43894
43898
43901
43904
43908
43911
43914
43918
43921
43924
43928
43931
43934
43938
43941
43944
43948
43951
43954
43958
43961
43964
43968
43971
43974
43978
43981
43984
43988
43991
43994
43998
44001
44004
44008
44011
44014
44018
44021
44024
44028
260 51
44031
44034
44038
44041
44044
44048
44051
44054
44058
44061
44064
44068
44071
44074
44078
44081
44084
44088
44091
44094
44098
44101
44104
44108
44111
44114
44118
44121
44124
44128
44131
44134
44138
44141
44144
44148
44151
44154
44158
44161
44164
44168
44171
44174
44178
44181
44184
44188
44191
44194
44198
261 51
44201
44204
44208
44211
44214
44218
44221
44224
44228
44231
44234
44238
44241
44244
44248
44251
44254
44258
44261
44264
44268
44271
44274
44278
44281
44284
44288
44291
44294
44298
44301
44304
44308
44311
44314
44318
44321
44324
44328
44331
44334
44338
44341
44344
44348
44351
44354
44358
44361
44364
44368
262 51
44371
44374
44378
44381
44384
44388
44391
44394
44398
44401
44404
44408
44411
44414
44418
44421
44424
44428
44431
44434
44438
44441
44444
44448
44451
44454
44458
44461
44464
44468
44471
44474
44478
44481
44484
44488
44491
44494
44498
44501
44504
44508
44511
44514
44518
44521
44524
44528
44531
44534
44538
263 51
44541
44544
44548
44551
44554
44558
44561
44564
44568
44571
44574
44578
44581
44584
44588
44591
44594
44598
44601
44604
44608
44611
44614
44618
44621
44624
44628
44631
44634
44638
44641
44644
44648
44651
44654
44658
44661
44664
44668
44671
44674
44678
44681
44684
44688
44691
44694
44698
44701
44704
44708
264 51
44711
44714
44718
44721
44724
44728
44731
44734
44738
44741
44744
44748
44751
44754
44758
44761
44764
44768
44771
44774
44778
44781
44784
44788
44791
44794
44798
44801
44804
44808
44811
44814
44818
44821
44824
44828
44831
44834
44838
44841
44844
44848
44851
44854
44858
44861
44864
44868
44871
44874
44878
265 51
44881
44884
44888
44891
44894
44898
44901
44904
44908
44911
44914
44918
44921
44924
44928
44931
44934
44938
44941
44944
44948
44951
44954
44958
44961
44964
44968
44971
44974
44978
44981
44984
44988
44991
44994
44998
45001
45004
45008
45011
45014
45018
45021
45024
45028
45031
45034
45038
45041
45044
45048
266 51
45051
45054
45058
45061
45064
45068
45071
45074
45078
45081
45084
45088
45091
45094
45098
45101
45104
45108
45111
45114
45118
45121
45124
45128
45131
45134
45138
45141
45144
45148
45151
45154
45158
45161
45164
45168
45171
45174
45178
45181
45184
45188
45191
45194
45198
45201
45204
45208
45211
45214
45218
267 51
45221
45224
45228
45231
45234
45238
45241
45244
45248
45251
45254
45258
45261
45264
45268
45271
45274
45278
45281
45284
45288
45291
45294
45298
45301
45304
45308
45311
45314
45318
45321
45324
45328
45331
45334
45338
45341
45344
45348
45351
45354
45358
45361
45364
45368
45371
45374
45378
45381
45384
45388
268 51
45391
45394
45398
45401
45404
45408
45411
45414
45418
45421
45424
45428
45431
45434
45438
45441
45444
45448
45451
45454
45458
45461
45464
45468
45471
45474
45478
45481
45484
45488
45491
45494
45498
45501
45504
45508
45511
45514
45518
45521
45524
45528
45531
45534
45538
45541
45544
45548
45551
45554
45558
269 51
45561
45564
45568
45571
45574
45578
45581
45584
45588
45591
45594
45598
45601
45604
45608
45611
45614
45618
45621
45624
45628
45631
45634
45638
45641
45644
45648
45651
45654
45658
45661
45664
45668
45671
45674
45678
45681
45684
45688
45691
45694
45698
45701
45704
45708
45711
45714
45718
45721
45724
45728
270 51
45731
45734
45738
45741
45744
45748
45751
45754
45758
45761
45764
45768
45771
45774
45778
45781
45784
45788
45791
45794
45798
45801
45804
45808
45811
45814
45818
45821
45824
45828
45831
45834
45838
45841
45844
45848
45851
45854
45858
45861
45864
45868
45871
45874
45878
45881
45884
45888
45891
45894
45898
271 51
45901
45904
45908
45911
45914
45918
45921
45924
45928
45931
45934
45938
45941
45944
45948
45951
45954
45958
45961
45964
45968
45971
45974
45978
45981
45984
45988
45991
45994
45998
46001
46004
46008
46011
46014
46018
46021
46024
46028
46031
46034
46038
46041
46044
46048
46051
46054
46058
46061
46064
46068
272 51
46071
46074
46078
46081
46084
46088
46091
46094
46098
46101
46104
46108
46111
46114
46118
46121
46124
46128
46131
46134
46138
46141
46144
46148
46151
46154
46158
46161
46164
46168
46171
46174
46178
46181
46184
46188
46191
46194
46198
46201
46204
46208
46211
46214
46218
46221
46224
46228
46231
46234
46238
273 51
46241
46244
46248
46251
46254
46258
46261
46264
46268
46271
46274
46278
46281
46284
46288
46291
46294
46298
46301
46304
46308
46311
46314
46318
46321
46324
46328
46331
46334
46338
46341
46344
46348
46351
46354
46358
46361
46364
46368
46371
46374
46378
46381
46384
46388
46391
46394
46398
46401
46404
46408
274 51
46411
46414
46418
46421
46424
46428
46431
46434
46438
46441
46444
46448
46451
46454
46458
46461
46464
46468
46471
46474
46478
46481
46484
46488
46491
46494
46498
46501
46504
46508
46511
46514
46518
46521
46524
46528
46531
46534
46538
46541
46544
46548
46551
46554
46558
46561
46564
46568
46571
46574
46578
275 51
46581
46584
46588
46591
46594
46598
46601
46604
46608
46611
46614
46618
46621
46624
46628
46631
46634
46638
46641
46644
46648
46651
46654
46658
46661
46664
46668
46671
46674
46678
46681
46684
46688
46691
46694
46698
46701
46704
46708
46711
46714
46718
46721
46724
46728
46731
46734
46738
46741
46744
46748
276 51
46751
46754
46758
46761
46764
46768
46771
46774
46778
46781
46784
46788
46791
46794
46798
46801
46804
46808
46811
46814
46818
46821
46824
46828
46831
46834
46838
46841
46844
46848
46851
46854
46858
46861
46864
46868
46871
46874
46878
46881
46884
46888
46891
46894
46898
46901
46904
46908
46911
46914
46918
277 51
46921
46924
46928
46931
46934
46938
46941
46944
46948
46951
46954
46958
46961
46964
46968
46971
46974
46978
46981
46984
46988
46991
46994
46998
47001
47004
47008
47011
47014
47018
47021
47024
47028
47031
47034
47038
47041
47044
47048
47051
47054
47058
47061
47064
47068
47071
47074
47078
47081
47084
47088
278 51
47091
47094
47098
47101
47104
47108
47111
47114
47118
47121
47124
47128
47131
47134
47138
47141
47144
47148
47151
47154
47158
47161
47164
47168
47171
47174
47178
47181
47184
47188
47191
47194
47198
47201
47204
47208
47211
47214
47218
47221
47224
47228
47231
47234
47238
47241
47244
47248
47251
47254
47258
279 51
47261
47264
47268
47271
47274
47278
47281
47284
47288
47291
47294
47298
47301
47304
47308
47311
47314
47318
47321
47324
47328
47331
47334
47338
47341
47344
47348
47351
47354
47358
47361
47364
47368
47371
47374
47378
47381
47384
47388
47391
47394
47398
47401
47404
47408
47411
47414
47418
47421
47424
47428
280 51
47431
47434
47438
47441
47444
47448
47451
47454
47458
47461
47464
47468
47471
47474
47478
47481
47484
47488
47491
47494
47498
47501
47504
47508
47511
47514
47518
47521
47524
47528
47531
47534
47538
47541
47544
47548
47551
47554
47558
47561
47564
47568
47571
47574
47578
47581
47584
47588
47591
47594
47598
281 51
47601
47604
47608
47611
47614
47618
47621
47624
47628
47631
47634
47638
47641
47644
47648
47651
47654
47658
47661
47664
47668
47671
47674
47678
47681
47684
47688
47691
47694
47698
47701
47704
47708
47711
47714
47718
47721
47724
47728
47731
47734
47738
47741
47744
47748
47751
47754
47758
47761
47764
47768
282 51
47771
47774
47778
47781
47784
47788
47791
47794
47798
47801
47804
47808
47811
47814
47818
47821
47824
47828
47831
47834
47838
47841
47844
47848
47851
47854
47858
47861
47864
47868
47871
47874
47878
47881
47884
47888
47891
47894
47898
47901
47904
47908
47911
47914
47918
47921
47924
47928
47931
47934
47938
283 51
47941
47944
47948
47951
47954
47958
47961
47964
47968
47971
47974
47978
47981
47984
47988
47991
47994
47998
48001
48004
48008
48011
48014
48018
48021
48024
48028
48031
48034
48038
48041
48044
48048
48051
48054
48058
48061
48064
48068
48071
48074
48078
48081
48084
48088
48091
48094
48098
48101
48104
48108
284 51
48111
48114
48118
48121
48124
48128
48131
48134
48138
48141
48144
48148
48151
48154
48158
48161
48164
48168
48171
48174
48178
48181
48184
48188
48191
48194
48198
48201
48204
48208
48211
48214
48218
48221
48224
48228
48231
48234
48238
48241
48244
48248
48251
48254
48258
48261
48264
48268
48271
48274
48278
285 51
48281
48284
48288
48291
48294
48298
48301
48304
48308
48311
48314
48318
48321
48324
48328
48331
48334
48338
48341
48344
48348
48351
48354
48358
48361
48364
48368
48371
48374
48378
48381
48384
48388
48391
48394
48398
48401
48404
48408
48411
48414
48418
48421
48424
48428
48431
48434
48438
48441
48444
48448
286 51
48451
48454
48458
48461
48464
48468
48471
48474
48478
48481
48484
48488
48491
48494
48498
48501
48504
48508
48511
48514
48518
48521
48524
48528
48531
48534
48538
48541
48544
48548
48551
48554
48558
48561
48564
48568
48571
48574
48578
48581
48584
48588
48591
48594
48598
48601
48604
48608
48611
48614
48618
287 51
48621
48624
48628
48631
48634
48638
48641
48644
48648
48651
48654
48658
48661
48664
48668
48671
48674
48678
48681
48684
48688
48691
48694
48698
48701
48704
48708
48711
48714
48718
48721
48724
48728
48731
48734
48738
48741
48744
48748
48751
48754
48758
48761
48764
48768
48771
48774
48778
48781
48784
48788
288 51
48791
48794
48798
48801
48804
48808
48811
48814
48818
48821
48824
48828
48831
48834
48838
48841
48844
48848
48851
48854
48858
48861
48864
48868
48871
48874
48878
48881
48884
48888
48891
48894
48898
48901
48904
48908
48911
48914
48918
48921
48924
48928
48931
48934
48938
48941
48944
48948
48951
48954
48958
289 51
48961
48964
48968
48971
48974
48978
48981
48984
48988
48991
48994
48998
49001
49004
49008
49011
49014
49018
49021
49024
49028
49031
49034
49038
49041
49044
49048
49051
49054
49058
49061
49064
49068
49071
49074
49078
49081
49084
49088
49091
49094
49098
49101
49104
49108
49111
49114
49118
49121
49124
49128
290 51
49131
49134
49138
49141
49144
49148
49151
49154
49158
49161
49164
49168
49171
49174
49178
49181
49184
49188
49191
49194
49198
49201
49204
49208
49211
49214
49218
49221
49224
49228
49231
49234
49238
49241
49244
49248
49251
49254
49258
49261
49264
49268
49271
49274
49278
49281
49284
49288
49291
49294
49298
291 51
49301
49304
49308
49311
49314
49318
49321
49324
49328
49331
49334
49338
49341
49344
49348
49351
49354
49358
49361
49364
49368
49371
49374
49378
49381
49384
49388
49391
49394
49398
49401
49404
49408
49411
49414
49418
49421
49424
49428
49431
49434
49438
49441
49444
49448
49451
49454
49458
49461
49464
49468
292 51
49471
49474
49478
49481
49484
49488
49491
49494
49498
49501
49504
49508
49511
49514
49518
49521
49524
49528
49531
49534
49538
49541
49544
49548
49551
49554
49558
49561
49564
49568
49571
49574
49578
49581
49584
49588
49591
49594
49598
49601
49604
49608
49611
49614
49618
49621
49624
49628
49631
49634
49638
293 51
49641
49644
49648
49651
49654
49658
49661
49664
49668
49671
49674
49678
49681
49684
49688
49691
49694
49698
49701
49704
49708
49711
49714
49718
49721
49724
49728
49731
49734
49738
49741
49744
49748
49751
49754
49758
49761
49764
49768
49771
49774
49778
49781
49784
49788
49791
49794
49798
49801
49804
49808
294 51
49811
49814
49818
49821
49824
49828
49831
49834
49838
49841
49844
49848
49851
49854
49858
49861
49864
49868
49871
49874
49878
49881
49884
49888
49891
49894
49898
49901
49904
49908
49911
49914
49918
49921
49924
49928
49931
49934
49938
49941
49944
49948
49951
49954
49958
49961
49964
49968
49971
49974
49978
295 51
49981
49984
49988
49991
49994
49998
50001
50004
50008
50011
50014
50018
50021
50024
50028
50031
50034
50038
50041
50044
50048
50051
50054
50058
50061
50064
50068
50071
50074
50078
50081
50084
50088
50091
50094
50098
50101
50104
50108
50111
50114
50118
50121
50124
50128
50131
50134
50138
50141
50144
50148
296 51
50151
50154
50158
50161
50164
50168
50171
50174
50178
50181
50184
50188
50191
50194
50198
50201
50204
50208
50211
50214
50218
50221
50224
50228
50231
50234
50238
50241
50244
50248
50251
50254
50258
50261
50264
50268
50271
50274
50278
50281
50284
50288
50291
50294
50298
50301
50304
50308
50311
50314
50318
297 51
50321
50324
50328
50331
50334
50338
50341
50344
50348
50351
50354
50358
50361
50364
50368
50371
50374
50378
50381
50384
50388
50391
50394
50398
50401
50404
50408
50411
50414
50418
50421
50424
50428
50431
50434
50438
50441
50444
50448
50451
50454
50458
50461
50464
50468
50471
50474
50478
50481
50484
50488
298 51
50491
50494
50498
50501
50504
50508
50511
50514
50518
50521
50524
50528
50531
50534
50538
50541
50544
50548
50551
50554
50558
50561
50564
50568
50571
50574
50578
50581
50584
50588
50591
50594
50598
50601
50604
50608
50611
50614
50618
50621
50624
50628
50631
50634
50638
50641
50644
50648
50651
50654
50658
299 51
50661
50664
50668
50671
50674
50678
50681
50684
50688
50691
50694
50698
50701
50704
50708
50711
50714
50718
50721
50724
50728
50731
50734
50738
50741
50744
50748
50751
50754
50758
50761
50764
50768
50771
50774
50778
50781
50784
50788
50791
50794
50798
50801
50804
50808
50811
50814
50818
50821
50824
50828
300 51
50831
50834
50838
50841
50844
50848
50851
50854
50858
50861
50864
50868
50871
50874
50878
50881
50884
50888
50891
50894
50898
50901
50904
50908
50911
50914
50918
50921
50924
50928
50931
50934
50938
50941
50944
50948
50951
50954
50958
50961
50964
50968
50971
50974
50978
50981
50984
50988
50991
50994
50998
